814 0
2.66667 4 0 4 2.72917
2.83333 1 0 1 3.13333
3 1 0 3 3.3
3 1 0 0 3.3
3.16667 1 0 1 3.46667
3.16667 1 0 2 3.46667
3.33333 1 0 0 3.63333
3.33333 1 0 3 3.63333
3.5 1 0 2 3.8
3.66667 1 0 1 3.96667
3.83333 1 0 0 4.13333
4 2 0 1 4.34167
4.33333 1 0 3 4.63333
4.5 2 0 2 4.84167
4.83333 1 0 0 5.13333
5 1 0 0 5.3
5 1 0 3 5.3
5.33333 4 0 4 5.33333
5.5 1 0 3 5.8
5.66667 1 0 1 5.96667
5.66667 1 0 2 5.96667
5.83333 1 0 3 6.13333
5.83333 1 0 0 6.13333
6 1 0 1 6.3
6.16667 1 0 2 6.46667
6.33333 1 0 0 6.63333
6.5 1 0 3 6.8
6.66667 2 0 0 7.175
6.83333 1 0 1 7.13333
7 1 0 2 7.3
7.16667 2 0 3 8.00834
7.33333 4 0 4 7.33333
8 1 0 1 8.3
8 1 0 0 8.3
8.16667 1 0 2 8.46667
8.33333 1 0 3 8.63333
8.5 1 0 0 8.8
8.66667 1 0 3 8.96667
8.83333 1 0 2 9.13333
9 1 0 1 9.3
9.16667 1 0 0 9.46667
9.33333 2 0 2 9.675
9.66667 1 0 1 9.96667
9.83333 2 0 3 10.175
10.1667 1 0 2 10.4667
10.3333 1 0 0 10.6333
10.5 1 0 1 10.8
10.6667 1 0 2 10.9667
10.6667 1 0 3 10.9667
10.8333 1 0 1 11.1333
11 1 0 0 11.3
11.1667 1 0 3 11.4667
11.3333 1 0 0 11.6333
11.5 1 0 1 11.8
11.6667 1 0 2 11.9667
11.8333 1 0 3 12.1333
12 4 0 4 12
12 2 0 0 13.3417
12.8333 1 0 3 13.1333
13 1 0 2 13.3
13.1667 1 0 1 13.4667
13.3333 4 0 4 13.3333
13.5 1 0 2 13.8
13.6667 1 0 1 13.9667
13.8333 1 0 2 14.1333
14 1 0 0 14.3
14.1667 1 0 1 14.4667
14.3333 1 0 2 14.6333
14.5 1 0 3 14.8
14.6667 1 0 0 14.9667
14.6667 4 0 4 14.6667
15 1 0 2 15.3
15.1667 1 0 1 15.4667
15.1667 4 0 4 15.1667
15.5 1 0 1 15.8
15.6667 4 0 4 15.6667
15.6667 2 0 3 16.0083
16 4 0 4 16
16.1667 1 0 1 16.4667
16.3333 1 0 2 16.6333
16.5 1 0 1 16.8
16.6667 1 0 3 16.9667
16.8333 1 0 1 17.1333
17 1 0 2 17.3
17.1667 1 0 3 17.4667
17.3333 2 0 1 17.5083
17.5 2 0 3 17.675
17.6667 2 0 0 17.8417
17.8333 2 0 2 18.175
18.1667 1 0 0 18.4667
18.3333 1 0 1 18.6333
18.5 1 0 2 18.8
18.6667 1 0 0 18.9667
18.6667 4 0 4 18.6667
18.8333 1 0 0 19.1333
18.8333 1 0 3 19.1333
19 1 0 1 19.3
19 1 0 2 19.3
19.1667 1 0 3 19.4667
19.3333 1 0 3 19.6333
19.3333 1 0 1 19.6333
19.4167 1 0 2 19.7167
19.5 1 0 3 19.8
19.5 1 0 0 19.8
19.6667 1 0 3 19.9667
19.6667 1 0 1 19.9667
19.8333 1 0 2 20.1333
20 1 0 1 20.3
20 1 0 3 20.3
20.1667 1 0 1 20.4667
20.1667 1 0 2 20.4667
20.3333 1 0 0 20.6333
20.3333 1 0 3 20.6333
20.5 2 0 1 20.8417
20.6667 1 0 3 20.9667
20.75 1 0 2 21.05
20.8333 1 0 3 21.1333
20.8333 1 0 0 21.1333
21 1 0 3 21.3
21 1 0 1 21.3
21.1667 1 0 2 21.4667
21.3333 1 0 0 21.6333
21.3333 1 0 3 21.6333
21.5 1 0 1 21.8
21.5 1 0 3 21.8
21.6667 1 0 2 21.9667
21.6667 1 0 3 21.9667
21.8333 1 0 3 22.1333
22 1 0 0 22.3
22 1 0 1 22.3
22.0833 1 0 2 22.3833
22.1667 1 0 3 22.4667
22.1667 1 0 1 22.4667
22.3333 1 0 2 22.6333
22.3333 1 0 3 22.6333
22.5 1 0 0 22.8
22.6667 2 0 1 24.0084
22.6667 1 0 3 22.9667
22.8333 1 0 3 23.1333
23 1 0 2 23.3
23.3333 1 0 3 23.6333
23.4167 1 0 2 23.7167
23.5 1 0 3 23.8
23.6667 1 0 3 23.9667
24 5 0 4 24
24.3333 4 3 4 24.3333
24.6667 4 3 4 24.6667
25 4 3 4 25
25.3333 4 3 4 25.3333
25.6667 4 3 4 25.6667
26 3 3 4 26
26.3333 1 0 2 26.6333
26.3333 1 0 3 26.6333
26.5 1 0 2 26.8
26.5 1 0 3 26.8
26.6667 3 0 4 26.6667
27 4 1 4 27
27.3333 4 1 4 27.3333
27.6667 4 1 4 27.6667
28 4 1 4 28
28.3333 4 1 4 28.3333
28.6667 5 1 4 28.6667
29 1 0 0 29.3
29 1 0 1 29.3
29.1667 1 0 0 29.4667
29.1667 1 0 1 29.4667
29.3333 4 0 4 29.3333
29.5 1 0 2 29.8
29.5833 1 0 1 29.8833
29.6667 1 0 2 29.9667
29.8333 1 0 1 30.1333
29.9167 1 0 2 30.2167
30 1 0 1 30.3
30.1667 1 0 3 30.4667
30.25 1 0 0 30.55
30.3333 1 0 3 30.6333
30.5 1 0 0 30.8
30.5833 1 0 3 30.8833
30.6667 1 0 0 30.9667
30.8333 1 0 2 31.1333
30.8333 1 0 3 31.1333
30.9167 1 0 0 31.2167
30.9167 1 0 1 31.2167
31 1 0 2 31.3
31 1 0 3 31.3
31.1667 1 0 0 31.4667
31.1667 1 0 1 31.4667
31.25 1 0 2 31.55
31.25 1 0 3 31.55
31.3333 1 0 0 31.6333
31.4167 1 0 1 31.7167
31.5 1 0 2 31.8
31.5833 1 0 3 31.8833
31.6667 1 0 0 31.9667
31.75 1 0 1 32.05
31.8333 1 0 2 32.1333
31.9167 1 0 3 32.2167
32 1 0 1 32.3
32.0833 1 0 2 32.3833
32.1667 1 0 1 32.4667
32.25 1 0 2 32.55
32.3333 1 0 1 32.6333
32.4167 1 0 2 32.7167
32.5 1 0 1 32.8
32.5833 1 0 2 32.8833
32.6667 1 0 0 32.9667
32.6667 1 0 3 32.9667
32.75 1 0 1 33.05
32.8333 1 0 2 33.1333
32.9167 1 0 1 33.2167
33 1 0 0 33.3
33 1 0 3 33.3
33.0833 1 0 1 33.3833
33.1667 1 0 2 33.4667
33.25 1 0 3 33.55
33.3333 1 0 0 33.6333
33.3333 1 0 1 33.6333
33.5 1 0 2 33.8
33.5 1 0 3 33.8
33.6667 1 0 3 33.9667
33.6667 1 0 0 33.9667
33.8333 1 0 1 34.1333
33.8333 1 0 2 34.1333
34 4 0 4 34
34.1667 1 0 0 34.4667
34.1667 1 0 3 34.4667
34.3333 1 0 0 34.6333
34.3333 1 0 3 34.6333
34.6667 4 0 4 34.6667
35 1 0 2 35.3
35 1 0 3 35.3
35.1667 1 0 0 35.4667
35.25 1 0 1 35.55
35.3333 2 0 2 35.5083
35.5 1 0 3 35.8
35.6667 1 0 0 35.9667
35.8333 1 0 1 36.1333
36 2 0 3 36.2583
36.25 1 0 2 36.55
36.3333 1 0 1 36.6333
36.5 1 0 2 36.8
36.6667 2 0 0 36.925
36.9167 1 0 1 37.2167
37 1 0 2 37.3
37.3333 1 0 0 37.6333
37.3333 1 0 1 37.6333
37.5 1 0 3 37.8
37.6667 1 0 3 37.9667
37.8333 1 0 2 38.1333
38 1 0 0 38.3
38.1667 1 0 1 38.4667
38.3333 1 0 2 38.6333
38.5 1 0 3 38.8
38.6667 2 0 0 39.0083
39 1 0 2 39.3
39.1667 2 0 3 39.5083
39.5 1 0 1 39.8
39.6667 1 0 0 39.9667
39.8333 1 0 0 40.1333
40 4 0 4 40
40.3333 1 0 0 40.6333
40.3333 1 0 1 40.6333
40.5 1 0 3 40.8
40.5833 1 0 2 40.8833
40.6667 2 0 1 40.8417
40.8333 1 0 0 41.1333
41 1 0 3 41.3
41.1667 1 0 2 41.4667
41.3333 2 0 0 41.5917
41.5833 1 0 2 41.8833
41.6667 1 0 1 41.9667
41.8333 1 0 2 42.1333
42 2 0 3 42.2583
42.25 1 0 1 42.55
42.3333 1 0 2 42.6333
42.6667 1 0 0 42.9667
42.6667 1 0 1 42.9667
42.8333 1 0 3 43.1333
43 1 0 3 43.3
43.1667 1 0 2 43.4667
43.3333 1 0 0 43.6333
43.5 1 0 1 43.8
43.6667 1 0 2 43.9667
43.8333 1 0 3 44.1333
44 1 0 1 44.3
44.0833 1 0 2 44.3833
44.1667 1 0 1 44.4667
44.25 1 0 2 44.55
44.3333 1 0 1 44.6333
44.4167 1 0 3 44.7167
44.6667 1 0 1 44.9667
44.8333 1 0 1 45.1333
44.9167 1 0 2 45.2167
45 2 0 1 45.3417
45.3333 5 0 4 45.3333
45.6667 1 3 2 45.9667
45.6667 1 3 3 45.9667
45.8333 1 3 0 46.1333
45.9167 1 3 1 46.2167
46 2 3 3 46.175
46.1667 2 3 2 46.3417
46.3333 2 3 1 46.5083
46.5 2 3 0 46.675
46.6667 2 3 3 46.925
46.9167 1 3 0 47.2167
47 1 3 1 47.3
47.1667 1 3 3 47.4667
47.3333 2 3 0 47.5917
47.5833 1 3 3 47.8833
47.6667 1 3 2 47.9667
48 4 3 4 48
48.1667 1 3 2 48.4667
48.3333 1 3 2 48.6333
48.5 1 3 1 48.8
48.6667 1 3 0 48.9667
48.8333 1 3 2 49.1333
49 1 3 1 49.3
49.1667 1 3 3 49.4667
49.3333 3 3 4 49.3333
49.6667 4 0 4 49.6667
49.8333 2 0 0 50.175
50.1667 1 0 2 50.4667
50.3333 1 0 3 50.6333
50.5 1 0 3 50.8
50.6667 3 0 4 50.6667
51 1 1 0 51.3
51 1 1 1 51.3
51.1667 1 1 3 51.4667
51.25 1 1 2 51.55
51.3333 2 1 0 51.5083
51.5 2 1 1 51.675
51.6667 2 1 2 51.8417
51.8333 2 1 3 52.0083
52 2 1 0 52.2583
52.25 1 1 3 52.55
52.3333 1 1 2 52.6333
52.5 1 1 0 52.8
52.6667 2 1 3 52.925
52.9167 1 1 1 53.2167
53 1 1 0 53.3
53.3333 4 1 4 53.3333
53.5 1 1 2 53.8
53.6667 1 1 2 53.9667
53.8333 1 1 1 54.1333
54 1 1 0 54.3
54.1667 1 1 2 54.4667
54.3333 1 1 1 54.6333
54.5 1 1 3 54.8
54.6667 5 1 4 54.6667
55 4 0 4 55
55.1667 2 0 3 55.5083
55.5 1 0 0 55.8
55.6667 2 0 1 55.7583
55.75 2 0 2 55.8417
55.8333 2 0 1 55.925
55.9167 2 0 2 56.0083
56 1 0 0 56.3
56 1 0 1 56.3
56.3333 1 0 2 56.6333
56.4167 1 0 1 56.7167
56.5 1 0 2 56.8
56.6667 1 0 1 56.9667
56.6667 1 0 2 56.9667
57 1 0 1 57.3
57 1 0 2 57.3
57.3333 1 0 0 57.6333
57.3333 1 0 1 57.6333
57.6667 1 0 0 57.9667
57.6667 1 0 1 57.9667
58 1 0 2 58.3
58 1 0 3 58.3
58.3333 1 0 2 58.6333
58.3333 1 0 3 58.6333
58.6667 1 0 0 58.9667
58.6667 1 0 1 58.9667
59 1 0 2 59.3
59.0833 1 0 1 59.3833
59.1667 1 0 2 59.4667
59.3333 1 0 3 59.6333
59.4167 1 0 0 59.7167
59.5 1 0 3 59.8
59.5833 1 0 0 59.8833
59.6667 2 0 2 59.8417
59.6667 2 0 3 59.8417
60 1 0 0 60.3
60 1 0 1 60.3
60.3333 1 0 0 60.6333
60.3333 1 0 1 60.6333
60.6667 1 0 0 60.9667
60.8333 1 0 1 61.1333
61 1 0 2 61.3
61.1667 1 0 3 61.4667
61.3333 2 0 0 61.675
61.6667 1 0 1 61.9667
61.6667 1 0 2 61.9667
62 1 0 1 62.3
62 1 0 2 62.3
62.3333 1 0 1 62.6333
62.3333 1 0 2 62.6333
62.6667 1 0 0 62.9667
62.6667 1 0 1 62.9667
63 1 0 0 63.3
63 1 0 1 63.3
63.3333 1 0 2 63.6333
63.3333 1 0 3 63.6333
63.6667 1 0 2 63.9667
63.6667 1 0 3 63.9667
64 1 0 0 64.3
64 1 0 1 64.3
64.3333 1 0 2 64.6333
64.4167 1 0 1 64.7167
64.5 1 0 2 64.8
64.6667 1 0 0 64.9667
64.75 1 0 3 65.05
64.8333 1 0 0 65.1333
64.9167 1 0 3 65.2167
65 2 0 0 65.175
65 2 0 1 65.175
65.3333 1 0 2 65.6333
65.3333 1 0 3 65.6333
65.6667 1 0 3 65.9667
65.8333 1 0 3 66.1333
66 2 0 0 66.175
66.1667 2 0 2 66.3417
66.3333 2 0 1 66.5083
66.5 2 0 3 66.675
66.6667 5 0 4 66.6667
67 1 3 2 67.3
67.0833 1 3 1 67.3833
67.1667 1 3 2 67.4667
67.3333 4 3 4 67.3333
67.6667 4 3 4 67.6667
68 1 3 0 68.3
68 1 3 1 68.3
68.3333 1 3 0 68.6333
68.3333 1 3 1 68.6333
68.6667 1 3 2 68.9667
68.6667 1 3 3 68.9667
69 1 3 2 69.3
69 1 3 3 69.3
69.3333 5 3 4 69.3333
69.6667 1 2 2 69.9667
69.75 1 2 1 70.05
69.8333 1 2 2 70.1333
70 4 2 4 70
70.3333 4 2 4 70.3333
70.6667 1 2 0 70.9667
70.6667 1 2 1 70.9667
71 1 2 0 71.3
71 1 2 1 71.3
71.3333 1 2 2 71.6333
71.3333 1 2 3 71.6333
71.6667 1 2 2 71.9667
71.6667 1 2 3 71.9667
72 5 2 4 72
72.3333 1 1 2 72.6333
72.4167 1 1 1 72.7167
72.5 1 1 2 72.8
72.6667 5 1 4 72.6667
73 1 0 2 73.3
73.0833 1 0 1 73.3833
73.1667 1 0 2 73.4667
73.25 1 0 1 73.55
73.3333 5 0 4 73.3333
73.6667 1 3 3 73.9667
73.8333 1 3 0 74.1333
74 2 3 3 74.3417
74.3333 2 3 1 74.675
74.6667 3 3 4 74.6667
75 3 0 4 75
75.3333 3 1 4 75.3333
75.6667 3 2 4 75.6667
76 3 3 4 76
76.3333 1 0 1 76.6333
76.5 1 0 2 76.8
76.6667 1 0 3 76.9667
76.8333 1 0 0 77.1333
77 1 0 1 77.3
77.1667 1 0 2 77.4667
77.3333 2 0 3 79.6753
80 1 0 1 80.3
80.3333 1 0 0 80.6333
80.6667 1 0 1 80.9667
81 1 0 2 81.3
81.3333 1 0 3 81.6333
81.8333 1 0 2 82.1333
82.3333 1 0 2 82.6333
82.6667 1 0 1 82.9667
83 1 0 0 83.3
83.3333 1 0 1 83.6333
83.6667 1 0 2 83.9667
84 1 0 3 84.3
84.5 2 0 3 85.0084
85 2 0 0 85.3417
85.3333 1 0 1 85.6333
85.3333 2 0 2 86.0084
86 2 0 0 86.675
86 1 0 1 86.3
86.6667 2 0 3 87.3417
86.6667 1 0 2 86.9667
88 4 0 4 88
88.3333 4 0 4 88.3333
88.6667 4 0 4 88.6667
89 4 0 4 89
89.3333 4 0 4 89.3333
89.6667 1 0 0 89.9667
89.8333 1 0 0 90.1333
90.1667 1 0 3 90.4667
90.3333 1 0 3 90.6333
90.5 1 0 3 90.8
90.6667 4 0 4 90.6667
91 4 0 4 91
91.3333 4 0 4 91.3333
91.6667 4 0 4 91.6667
92 1 0 3 92.3
92.25 1 0 3 92.55
92.5 1 0 3 92.8
92.8333 1 0 0 93.1333
93 1 0 0 93.3
93.1667 1 0 0 93.4667
93.3333 5 0 4 93.3333
93.5 1 3 1 93.8
93.5833 1 3 2 93.8833
93.6667 1 3 1 93.9667
93.8333 1 3 1 94.1333
94 5 3 4 94
94.1667 1 2 1 94.4667
94.25 1 2 2 94.55
94.3333 1 2 1 94.6333
94.5 1 2 1 94.8
94.6667 5 2 4 94.6667
94.8333 1 1 1 95.1333
94.9167 1 1 2 95.2167
95 1 1 1 95.3
95.0833 1 1 2 95.3833
95.1667 1 1 1 95.4667
95.25 1 1 2 95.55
95.3333 5 1 4 95.3333
95.5 1 0 1 95.8
95.5833 1 0 2 95.8833
95.6667 1 0 1 95.9667
95.75 1 0 2 96.05
95.8333 1 0 1 96.1333
95.9167 1 0 2 96.2167
96 1 0 0 96.3
96 1 0 3 96.3
96.0833 1 0 2 96.3833
96.1667 1 0 1 96.4667
96.25 1 0 2 96.55
96.3333 1 0 1 96.6333
96.4167 1 0 2 96.7167
96.5 1 0 1 96.8
96.5833 1 0 2 96.8833
96.6667 1 0 0 96.9667
96.75 1 0 1 97.05
96.8333 1 0 2 97.1333
96.9167 1 0 3 97.2167
97 1 0 0 97.3
97.0833 1 0 1 97.3833
97.1667 1 0 2 97.4667
97.25 1 0 3 97.55
97.5 1 0 0 97.8
97.6667 1 0 1 97.9667
97.8333 1 0 2 98.1333
98 1 0 1 98.3
98.1667 1 0 3 98.4667
98.25 1 0 2 98.55
98.5 1 0 0 98.8
98.6667 2 0 1 101.342
98.8333 1 0 0 99.1333
99 1 0 2 99.3
99.1667 1 0 3 99.4667
99.3333 1 0 2 99.6333
99.5 1 0 0 99.8
99.6667 1 0 2 99.9667
99.8333 1 0 0 100.133
100 1 0 2 100.3
100.333 1 0 2 100.633
100.5 1 0 3 100.8
100.667 4 0 4 100.667
100.833 1 0 2 101.133
101 1 0 3 101.3
101.333 1 0 3 101.633
101.333 1 0 2 101.633
101.5 1 0 0 101.8
101.667 1 0 2 101.967
101.667 1 0 1 101.967
101.833 1 0 3 102.133
102 1 0 2 102.3
102 1 0 0 102.3
102.167 1 0 1 102.467
102.333 1 0 2 102.633
102.333 1 0 0 102.633
102.5 1 0 3 102.8
102.667 1 0 1 102.967
102.667 1 0 0 102.967
102.833 1 0 3 103.133
103 1 0 0 103.3
103 1 0 2 103.3
103.167 1 0 3 103.467
103.333 1 0 3 103.633
103.333 1 0 2 103.633
103.667 1 0 3 103.967
103.667 1 0 2 103.967
104 1 0 1 104.3
104 1 0 3 104.3
104.167 1 0 0 104.467
104.333 1 0 3 104.633
104.333 1 0 1 104.633
104.5 1 0 2 104.8
104.667 1 0 1 104.967
104.667 1 0 0 104.967
104.833 1 0 3 105.133
105 1 0 2 105.3
105 1 0 1 105.3
105.167 1 0 0 105.467
105.333 1 0 3 105.633
105.333 1 0 1 105.633
105.667 1 0 2 105.967
105.667 1 0 0 105.967
105.833 1 0 3 106.133
106 1 0 1 106.3
106 1 0 0 106.3
106.167 1 0 3 106.467
106.333 1 0 2 106.633
106.333 1 0 1 106.633
106.5 1 0 3 106.8
106.667 1 0 2 106.967
106.667 1 0 0 106.967
106.833 1 0 1 107.133
107 1 0 2 107.3
107 1 0 0 107.3
107.167 1 0 3 107.467
107.333 1 0 2 107.633
107.333 1 0 1 107.633
107.5 1 0 0 107.8
107.667 1 0 3 107.967
107.667 1 0 1 107.967
107.833 1 0 0 108.133
108 1 0 2 108.3
108 1 0 1 108.3
108.333 4 0 4 108.333
108.667 1 0 2 108.967
108.667 1 0 1 108.967
108.833 1 0 3 109.133
109 1 0 2 109.3
109 1 0 1 109.3
109.167 1 0 0 109.467
109.333 1 0 3 109.633
109.333 4 0 4 109.333
109.5 1 0 0 109.8
109.667 1 0 1 109.967
109.667 1 0 2 109.967
109.833 1 0 3 110.133
110 1 0 0 110.3
110 4 0 4 110
110.167 1 0 3 110.467
110.333 1 0 1 110.633
110.333 1 0 2 110.633
110.5 1 0 0 110.8
110.667 4 0 4 110.667
110.667 1 0 2 110.967
111 1 0 0 111.3
111 1 0 2 111.3
111.167 1 0 1 111.467
111.167 1 0 3 111.467
111.333 4 0 4 111.333
111.333 1 0 2 111.633
111.5 1 0 3 111.8
111.5 1 0 1 111.8
111.667 1 0 2 111.967
111.667 1 0 0 111.967
112 4 0 4 112
112 1 0 0 112.3
112.167 1 0 3 112.467
112.333 1 0 0 112.633
112.333 1 0 2 112.633
112.5 1 0 3 112.8
112.667 4 0 4 112.667
112.667 1 0 2 112.967
112.833 1 0 1 113.133
113 1 0 3 113.3
113 1 0 2 113.3
113.167 1 0 1 113.467
113.333 4 0 4 113.333
113.333 1 0 0 113.633
113.5 1 0 2 113.8
113.667 1 0 0 113.967
113.667 1 0 1 113.967
113.833 1 0 2 114.133
114 4 0 4 114
114 1 0 1 114.3
114.167 1 0 0 114.467
114.333 1 0 1 114.633
114.333 1 0 3 114.633
114.5 1 0 0 114.8
114.667 4 0 4 114.667
114.667 1 0 2 114.967
114.833 1 0 1 115.133
115 1 0 0 115.3
115 1 0 3 115.3
115.167 1 0 1 115.467
115.333 4 0 4 115.333
115.333 1 0 0 115.633
115.5 1 0 2 115.8
115.667 1 0 3 115.967
115.667 1 0 0 115.967
115.833 1 0 2 116.133
116 4 0 4 116
116 1 0 3 116.3
116.167 1 0 0 116.467
116.167 1 0 1 116.467
116.333 1 0 1 116.633
116.333 1 0 2 116.633
116.5 1 0 3 116.8
116.5 1 0 2 116.8
116.667 1 0 1 116.967
116.667 4 0 4 116.667
116.833 1 0 3 117.133
116.833 1 0 2 117.133
117 1 0 1 117.3
117 1 0 2 117.3
117.167 1 0 0 117.467
117.167 1 0 1 117.467
117.333 4 0 4 117.333
117.333 1 0 2 117.633
117.417 1 0 1 117.717
117.5 1 0 2 117.8
117.583 1 0 1 117.883
117.667 1 0 2 117.967
117.75 1 0 1 118.05
117.833 1 0 2 118.133
117.917 1 0 1 118.217
118 4 0 4 118
118 1 0 3 118.3
118.083 1 0 0 118.383
118.167 1 0 3 118.467
118.25 1 0 0 118.55
118.333 1 0 3 118.633
118.417 1 0 0 118.717
118.5 1 0 3 118.8
118.583 1 0 0 118.883
118.667 4 0 4 118.667
118.667 1 0 2 118.967
118.667 1 0 3 118.967
118.75 1 0 1 119.05
118.833 1 0 2 119.133
118.917 1 0 1 119.217
119 4 0 4 119
119 1 0 2 119.3
119 1 0 3 119.3
119.083 1 0 1 119.383
119.167 1 0 2 119.467
119.25 1 0 1 119.55
119.333 4 0 4 119.333
119.333 1 0 2 119.633
119.333 1 0 3 119.633
119.5 1 0 3 119.8
119.667 1 0 3 119.967
120.167 1 0 2 120.467
120.5 1 0 0 120.8
120.667 1 0 1 120.967
121 1 0 0 121.3
121.333 1 0 3 121.633
121.667 1 0 0 121.967
121.833 1 0 2 122.133
122.167 1 0 0 122.467
122.333 1 0 1 122.633
122.5 1 0 2 122.8
122.667 1 0 3 122.967
123 1 0 0 123.3
123.167 1 0 3 123.467
123.333 1 0 3 123.633
123.667 1 0 0 123.967
123.833 1 0 3 124.133
124.167 1 0 2 124.467
124.25 1 0 1 124.55
124.333 1 0 2 124.633
124.417 1 0 1 124.717
124.5 1 0 2 124.8
124.833 1 0 3 125.133
125 1 0 3 125.3
125.167 1 0 3 125.467
125.5 1 0 2 125.8
125.833 1 0 0 126.133
126 1 0 1 126.3
126.333 1 0 0 126.633
126.667 1 0 3 126.967
127 1 0 0 127.3
127.167 1 0 2 127.467
127.5 1 0 0 127.8
127.667 1 0 1 127.967
127.833 1 0 2 128.133
128 1 0 0 128.3
128.083 1 0 1 128.383
128.167 1 0 2 128.467
128.25 1 0 3 128.55
128.333 1 0 0 128.633
128.417 1 0 1 128.717
128.5 1 0 2 128.8
128.583 1 0 3 128.883
128.667 1 0 0 128.967
128.75 1 0 1 129.05
128.833 1 0 2 129.133
128.917 1 0 3 129.217
129 1 0 0 129.3
129.083 1 0 1 129.383
129.167 1 0 2 129.467
129.25 1 0 3 129.55
129.333 1 0 1 129.633
129.5 1 0 2 129.8
129.667 1 0 1 129.967
129.833 1 0 0 130.133
130 2 0 1 130.342
