629
207
0 1 0 1 0.3
0.230769 1 0 2 0.530769
0.461538 1 0 3 0.761539
0.692308 1 0 2 0.992308
1.38462 1 0 3 1.68462
1.61538 1 0 2 1.91538
1.84615 1 0 1 2.14615
2.07692 1 0 0 2.37692
3.23077 1 0 3 3.53077
3.46154 1 0 2 3.76154
3.69231 1 0 0 3.99231
3.92308 1 0 1 4.22308
4.15385 1 0 2 4.45385
4.15385 1 0 0 4.45385
4.61538 2 0 3 4.91538
5.07692 1 0 0 5.37692
5.19231 1 0 0 5.49231
5.30769 1 0 0 5.60769
5.42308 1 0 0 5.72308
5.53846 1 0 1 5.83846
5.76923 1 0 2 6.06923
6 1 0 3 6.3
6.46154 1 0 3 6.76154
6.69231 1 0 2 6.99231
6.92308 1 0 1 7.22308
7.38462 1 0 0 7.68462
7.61538 1 0 1 7.91538
7.84615 1 0 2 8.14615
8.07692 1 0 3 8.37692
8.76923 1 0 2 9.06923
9 1 0 3 9.3
9.23077 1 0 0 9.53077
10.1538 1 0 0 10.4538
10.3846 1 0 2 10.6846
10.6154 1 0 1 10.9154
10.8462 1 0 0 11.1462
11.0769 1 0 0 11.3769
11.3077 2 0 0 11.6077
11.3077 2 0 3 11.6077
12.4615 1 0 3 12.7615
12.5769 1 0 3 12.8769
12.6923 1 0 3 12.9923
12.8077 1 0 3 13.1077
12.9231 1 0 0 13.2231
13.1538 1 0 3 13.4538
13.3846 1 0 0 13.6846
13.6154 1 0 3 13.9154
13.8462 1 0 3 14.1462
14.0769 1 0 2 14.3769
14.3077 1 0 0 14.6077
14.7692 3 0 4 14.7692
15.6923 2 1 0 15.9923
15.6923 2 1 3 15.9923
16.1538 5 1 4 16.1538
16.6154 1 0 0 16.9154
16.9615 1 0 0 17.2615
17.3077 1 0 0 17.6077
17.5385 1 0 1 17.8385
17.7692 1 0 2 18.0692
18 1 0 3 18.3
18.2308 1 0 2 18.5308
18.4615 1 0 3 18.7615
18.4615 1 0 0 18.7615
18.4615 1 0 1 18.7615
19.3846 1 0 0 19.6846
19.6154 1 0 2 19.9154
19.8462 1 0 3 20.1462
20.0769 1 0 1 20.3769
20.3077 2 0 0 20.6077
20.7692 2 0 1 21.0692
20.7692 2 0 2 21.0692
21.2308 1 0 0 21.5308
21.4615 1 0 1 21.7615
21.6923 1 0 2 21.9923
22.1538 3 0 4 22.1538
22.6154 2 1 0 22.9154
22.6154 2 1 3 22.9154
23.3077 1 1 1 23.6077
23.5385 1 1 2 23.8385
23.7692 1 1 3 24.0692
24 3 1 4 24
24.6923 5 2 4 24.6923
25.1538 1 1 2 25.4538
25.1538 1 1 1 25.4538
25.3846 1 1 3 25.6846
25.3846 1 1 0 25.6846
25.6154 1 1 2 25.9154
25.6154 1 1 1 25.9154
25.8462 5 1 4 25.8462
26.3077 2 0 1 26.6077
26.3077 2 0 2 26.6077
27.1154 1 0 0 27.4154
27.2308 1 0 1 27.5308
27.3462 1 0 2 27.6462
27.4615 1 0 3 27.7615
27.6923 5 0 4 27.6923
28.1538 2 3 2 28.4538
28.1538 2 3 1 28.4538
28.6154 2 3 0 28.9154
28.6154 2 3 3 28.9154
29.5385 5 3 4 29.5385
30 1 2 0 30.3
30 1 2 3 30.3
30.4615 1 2 2 30.7615
30.4615 1 2 1 30.7615
30.8077 1 2 3 31.1077
30.8077 1 2 0 31.1077
31.1538 1 2 3 31.4538
31.1538 1 2 0 31.4538
31.6154 1 2 2 31.9154
31.6154 1 2 1 31.9154
31.9615 1 2 1 32.2615
31.9615 1 2 2 32.2615
32.3077 3 2 4 32.3077
32.5385 5 3 4 32.5385
32.7692 5 2 4 32.7692
33 3 1 4 33
33.2308 1 2 3 33.5308
33.2308 1 2 0 33.5308
33.6923 1 2 3 33.9923
33.6923 1 2 0 33.9923
34.1538 1 2 0 34.4538
34.1538 1 2 3 34.4538
34.5 1 2 0 34.8
34.5 1 2 3 34.8
34.8462 4 2 4 34.8462
35.0769 1 2 2 35.3769
35.0769 1 2 1 35.3769
35.4231 1 2 1 35.7231
35.4231 1 2 2 35.7231
36 3 2 4 36
36.3462 3 3 4 36.3462
36.6923 2 0 3 36.9923
36.6923 2 0 0 36.9923
37.3846 1 0 1 37.6846
37.3846 1 0 2 37.6846
37.8462 1 0 0 38.1462
37.8462 1 0 3 38.1462
38.1923 1 0 1 38.4923
38.1923 1 0 3 38.4923
38.5385 1 0 2 38.8385
38.5385 1 0 3 38.8385
39 1 0 3 39.3
39.3462 1 0 3 39.6462
39.6923 1 0 0 39.9923
39.9231 1 0 1 40.2231
40.1538 1 0 2 40.4538
40.3846 1 0 3 40.6846
40.6154 5 0 4 40.6154
40.8462 1 3 3 41.1462
41.0769 1 3 2 41.3769
41.3077 1 3 1 41.6077
41.5385 1 3 0 41.8385
42 3 3 4 42
42.2308 2 0 3 42.4154
42.2308 2 0 0 42.4154
42.4615 2 0 1 42.7615
42.4615 2 0 2 42.7615
43.1538 2 0 2 43.4538
43.1538 2 0 1 43.4538
43.8462 1 0 0 44.1462
43.8462 1 0 3 44.1462
44.3077 1 0 0 44.6077
44.5385 1 0 1 44.8385
44.7692 1 0 2 45.0692
45 1 0 3 45.3
45.2308 1 0 0 45.5308
45.2308 1 0 2 45.5308
45.5769 1 0 1 45.8769
45.5769 1 0 3 45.8769
45.9231 1 0 0 46.2231
45.9231 1 0 2 46.2231
46.1538 1 0 2 46.4538
46.3846 1 0 1 46.6846
46.6154 1 0 0 46.9154
46.8462 1 0 1 47.1462
47.0769 1 0 2 47.3769
47.0769 1 0 0 47.3769
47.4231 1 0 2 47.7231
47.4231 1 0 0 47.7231
47.7692 1 0 2 48.0692
47.7692 1 0 0 48.0692
48 1 0 2 48.3
48.2308 1 0 3 48.5308
48.4615 1 0 1 48.7615
48.6923 1 0 2 48.9923
48.9231 1 0 0 49.2231
49.1538 1 0 1 49.4538
49.3846 2 0 0 49.6846
49.8462 1 0 0 50.1462
50.0769 1 0 1 50.3769
50.3077 1 0 2 50.6077
50.5385 1 0 1 50.8385
50.7692 1 0 2 51.0692
51 1 0 3 51.3
51.2308 1 0 2 51.5308
51.4615 2 0 0 51.7615
51.6923 1 0 2 51.9923
51.6923 1 0 3 51.9923
51.9231 1 0 1 52.2231
52.1538 1 0 1 52.4538
52.8462 4 0 4 52.8462
53.0769 1 0 2 53.3769
53.0769 1 0 3 53.3769
53.3077 1 0 1 53.6077
53.5385 4 0 4 53.5385
53.7692 1 0 1 54.0692
54 1 0 2 54.3
54 1 0 3 54.3
54.6923 4 0 4 54.6923
54.9231 1 0 2 55.2231
54.9231 1 0 3 55.2231
55.1538 1 0 1 55.4538
55.3846 4 0 4 55.3846
55.8462 1 0 2 56.1462
55.8462 1 0 3 56.1462
56.0769 4 0 4 56.0769
56.5385 4 0 4 56.5385
56.7692 1 0 3 57.0692
56.7692 1 0 2 57.0692
57.2308 4 0 4 57.2308
57.6923 1 0 2 57.9923
57.6923 1 0 3 57.9923
57.9231 2 0 0 58.9154
58.1538 2 0 1 58.9154
58.3846 2 0 2 58.9154
58.6154 2 0 3 58.9154
59.0769 1 0 1 59.3769
59.1923 1 0 2 59.4923
59.3077 1 0 1 59.6077
59.4231 1 0 2 59.7231
59.5385 1 0 3 59.8385
59.5385 1 0 0 59.8385
60 2 0 0 60.3
60 2 0 3 60.3
60.4615 3 0 4 60.4615
60.9231 1 1 1 61.2231
60.9231 1 1 2 61.2231
61.1538 1 1 2 61.4538
61.1538 1 1 1 61.4538
61.3846 2 1 0 61.6846
61.3846 2 1 3 61.6846
61.8462 3 1 4 61.8462
62.7692 1 2 3 63.0692
62.7692 1 2 0 63.0692
63 1 2 3 63.3
63 1 2 0 63.3
63.2308 4 2 4 63.2308
63.4615 1 2 2 63.7615
63.4615 1 2 1 63.7615
63.6923 1 2 2 63.9923
63.6923 1 2 1 63.9923
63.9231 4 2 4 63.9231
64.1538 1 2 3 64.4538
64.1538 1 2 0 64.4538
64.3846 1 2 1 64.6846
64.3846 1 2 2 64.6846
64.6154 3 2 4 64.6154
65.1923 1 3 2 65.4923
65.1923 1 3 1 65.4923
65.3077 1 3 3 65.6077
65.3077 1 3 0 65.6077
65.5385 2 3 2 65.8385
65.5385 2 3 1 65.8385
66 2 3 3 66.3
66 2 3 0 66.3
66.4615 3 3 4 66.4615
66.9231 1 0 3 67.2231
66.9231 1 0 0 67.2231
67.3846 1 0 3 67.6846
67.5 1 0 2 67.8
67.6154 1 0 1 67.9154
67.8462 2 0 0 68.1462
67.8462 2 0 2 68.1462
68.3077 1 0 0 68.6077
68.4231 1 0 1 68.7231
68.5385 1 0 2 68.8385
68.7692 1 0 3 69.0692
69.2308 5 0 4 69.2308
69.4615 5 3 4 69.4615
69.6923 5 2 4 69.6923
70.1538 2 1 1 70.8577
70.1538 2 1 2 70.8577
71.3077 3 1 4 71.3077
71.5385 1 2 2 71.8385
71.5385 1 2 1 71.8385
71.7692 1 2 1 72.0692
71.7692 1 2 2 72.0692
72 1 2 3 72.3
72 1 2 0 72.3
72.2308 1 2 1 72.5308
72.2308 1 2 2 72.5308
72.4615 1 2 2 72.7615
72.4615 1 2 1 72.7615
72.6923 1 2 1 72.9923
72.6923 1 2 2 72.9923
72.9231 5 2 4 72.9231
73.1538 1 1 3 73.4538
73.3846 1 1 3 73.6846
73.6154 1 1 3 73.9154
73.8462 5 1 4 73.8462
74.0769 1 0 3 74.3769
74.3077 1 0 3 74.6077
75 1 0 2 75.3
75.2308 1 0 0 75.5308
75.4615 1 0 3 75.7615
75.6923 1 0 0 75.9923
75.9231 1 0 3 76.2231
76.1538 1 0 3 76.4538
76.3846 1 0 2 76.6846
76.6154 1 0 2 76.9154
76.8462 1 0 0 77.1462
77.0769 1 0 3 77.3769
77.3077 1 0 2 77.6077
77.5385 2 0 0 77.8385
78 2 0 1 78.3
78 1 0 3 78.3
78.2308 1 0 2 78.5308
78.4615 2 0 0 78.7615
78.4615 1 0 2 78.7615
78.6923 1 0 1 78.9923
78.9231 2 0 1 79.2231
78.9231 1 0 3 79.2231
79.1538 1 0 2 79.4538
79.3846 1 0 0 79.6846
79.5 1 0 1 79.8
79.6154 1 0 2 79.9154
79.7308 1 0 0 80.0308
79.8462 1 0 1 80.1462
79.9615 1 0 2 80.2615
80.0769 1 0 3 80.3769
80.3077 1 0 1 80.6077
80.6539 1 0 2 80.9539
81 1 0 3 81.3
81.2308 3 0 4 81.2308
82.1538 1 1 1 82.4538
82.1538 1 1 2 82.4538
82.6154 1 1 2 82.9154
82.6154 1 1 1 82.9154
83.0769 1 1 2 83.3769
83.0769 1 1 1 83.3769
83.5385 1 1 1 83.8385
83.5385 1 1 2 83.8385
83.7692 1 1 1 84.0692
83.7692 1 1 2 84.0692
84 2 1 3 84.3
84 2 1 0 84.3
84.4615 5 1 4 84.4615
84.9231 1 0 2 85.2231
84.9231 1 0 3 85.2231
85.1538 1 0 2 85.4538
85.1538 1 0 3 85.4538
85.3846 1 0 0 85.6846
85.6154 1 0 1 85.9154
85.8462 1 0 1 86.1462
86.0769 1 0 0 86.3769
86.3077 2 0 2 86.6077
86.3077 2 0 3 86.6077
86.5385 1 0 1 86.8385
86.7692 1 0 0 87.0692
86.8846 1 0 1 87.1846
87 1 0 2 87.3
87.1154 1 0 1 87.4154
87.2308 1 0 2 87.5308
87.3461 1 0 3 87.6461
87.6923 2 0 0 87.9923
87.6923 2 0 3 87.9923
88.6154 5 0 4 88.6154
89.5385 2 3 2 89.8385
89.5385 2 3 1 89.8385
90.4615 5 3 4 90.4615
91.3846 1 2 2 91.6846
91.3846 1 2 1 91.6846
91.6154 1 2 3 91.9154
91.6154 1 2 0 91.9154
92.3077 1 2 2 92.6077
92.3077 1 2 3 92.6077
92.3077 1 2 0 92.6077
92.3077 1 2 1 92.6077
93.2308 1 2 0 93.5308
93.2308 1 2 3 93.5308
93.3461 1 2 1 93.6461
93.3461 1 2 2 93.6461
93.4615 1 2 2 93.7615
93.4615 1 2 1 93.7615
93.5769 1 2 3 93.8769
93.5769 1 2 0 93.8769
93.6923 5 2 4 93.6923
94.1538 2 1 2 94.4538
94.1538 2 1 1 94.4538
95.0769 2 1 3 95.3769
95.0769 2 1 0 95.3769
96 5 1 4 96
96.9231 1 0 0 97.2231
97.0385 1 0 1 97.3385
97.1538 1 0 2 97.4538
97.2692 1 0 3 97.5692
97.8462 1 0 2 98.1462
97.8462 1 0 3 98.1462
97.8462 1 0 0 98.1462
97.8462 1 0 1 98.1462
98.7692 1 0 0 99.0692
98.8846 1 0 1 99.1846
99 1 0 2 99.3
99.1154 1 0 3 99.4154
99.6923 1 0 3 99.9923
99.6923 1 0 0 99.9923
99.6923 1 0 2 99.9923
99.9231 1 0 3 100.223
100.154 2 0 2 100.454
100.154 1 0 3 100.454
100.385 1 0 3 100.685
100.615 1 0 3 100.915
100.846 1 0 3 101.146
101.077 2 0 1 101.377
101.077 1 0 3 101.377
101.308 1 0 3 101.608
101.538 1 0 3 101.838
101.769 1 0 3 102.069
102 2 0 1 102.3
102 1 0 3 102.3
102.462 1 0 0 102.762
102.692 1 0 0 102.992
102.923 1 0 0 103.223
102.923 1 0 3 103.223
103.154 1 0 0 103.454
103.385 3 0 4 103.385
105.231 3 1 4 105.231
107.077 3 2 4 107.077
109.154 3 3 4 109.154
109.846 2 0 0 110.146
109.846 2 0 3 110.146
110.308 2 0 1 110.608
110.308 2 0 2 110.608
110.769 4 0 4 110.769
111.692 1 0 3 111.992
111.808 1 0 2 112.108
111.923 1 0 1 112.223
112.615 1 0 1 112.915
112.615 1 0 3 112.915
113.538 1 0 3 113.838
113.885 1 0 2 114.185
114.231 1 0 1 114.531
114.462 1 0 0 114.762
114.577 1 0 1 114.877
114.692 1 0 2 114.992
114.808 1 0 3 115.108
114.923 1 0 0 115.223
115.038 1 0 1 115.338
115.154 1 0 2 115.454
115.269 1 0 3 115.569
115.385 1 0 0 115.685
115.5 1 0 1 115.8
115.615 1 0 2 115.915
115.731 1 0 3 116.031
115.846 1 0 0 116.146
115.962 1 0 1 116.262
116.077 1 0 2 116.377
116.192 1 0 3 116.492
116.308 1 0 0 116.608
116.423 1 0 1 116.723
116.538 1 0 2 116.838
116.654 1 0 3 116.954
116.769 1 0 0 117.069
116.885 1 0 1 117.185
117 1 0 2 117.3
117.115 1 0 3 117.415
117.692 2 0 1 117.992
117.692 2 0 2 117.992
118.154 1 0 0 118.454
118.385 1 0 1 118.685
118.615 1 0 3 118.915
118.615 1 0 2 118.915
118.846 1 0 2 119.146
119.077 1 0 2 119.377
119.308 1 0 0 119.608
119.538 1 0 2 119.838
119.538 1 0 3 119.838
119.769 1 0 1 120.069
120 1 0 0 120.3
120.231 1 0 1 120.531
120.462 1 0 3 120.762
120.462 1 0 2 120.762
120.692 1 0 2 120.992
120.923 1 0 2 121.223
121.154 1 0 0 121.454
121.385 1 0 3 121.685
121.385 1 0 2 121.685
121.615 1 0 1 121.915
121.846 1 0 2 122.146
122.077 1 0 2 122.377
122.308 1 0 3 122.608
122.308 1 0 2 122.608
122.538 1 0 1 122.838
122.769 1 0 1 123.069
123 1 0 0 123.3
123.231 1 0 3 123.531
123.231 1 0 2 123.531
123.462 1 0 1 123.762
123.692 1 0 0 123.992
123.923 1 0 1 124.223
124.154 1 0 3 124.454
124.154 1 0 2 124.454
124.385 1 0 2 124.685
124.615 1 0 2 124.915
124.846 1 0 0 125.146
125.077 1 0 2 125.377
125.077 1 0 3 125.377
125.308 1 0 1 125.608
125.538 1 0 0 125.838
125.769 1 0 2 126.069
126 1 0 3 126.3
126 1 0 2 126.3
126.231 1 0 1 126.531
126.462 1 0 1 126.762
126.692 1 0 0 126.992
126.923 1 0 2 127.223
126.923 1 0 3 127.223
127.154 1 0 2 127.454
127.385 1 0 0 127.685
127.615 1 0 2 127.915
127.846 1 0 3 128.146
127.846 1 0 2 128.146
128.077 1 0 1 128.377
128.308 1 0 1 128.608
128.538 1 0 0 128.838
128.769 1 0 3 129.069
128.769 1 0 2 129.069
129 1 0 2 129.3
129.231 1 0 1 129.531
129.462 1 0 1 129.762
129.692 1 0 2 129.992
129.692 1 0 3 129.992
129.923 1 0 2 130.223
130.154 1 0 2 130.454
130.385 1 0 0 130.685
130.615 1 0 2 130.915
130.615 1 0 3 130.915
130.846 1 0 2 131.146
131.077 1 0 0 131.377
131.308 1 0 2 131.608
131.538 1 0 3 131.838
131.538 1 0 2 131.838
131.769 1 0 1 132.069
132 1 0 1 132.3
132.231 1 0 0 132.531
132.462 1 0 2 132.762
132.462 1 0 3 132.762
132.692 1 0 2 132.992
132.923 1 0 0 133.223
133.154 1 0 1 133.454
133.385 1 0 3 133.685
133.385 1 0 2 133.685
133.615 1 0 2 133.915
133.846 1 0 2 134.146
134.077 1 0 0 134.377
134.308 1 0 3 134.608
134.308 1 0 2 134.608
134.538 1 0 1 134.838
134.769 1 0 0 135.069
135 1 0 1 135.3
135.231 1 0 2 135.531
135.231 1 0 3 135.531
135.462 1 0 2 135.762
135.692 1 0 2 135.992
135.923 1 0 0 136.223
136.154 1 0 3 136.454
136.154 1 0 2 136.454
136.385 1 0 1 136.685
136.615 1 0 2 136.915
136.846 1 0 2 137.146
137.077 1 0 2 137.377
137.077 1 0 3 137.377
137.308 1 0 1 137.608
137.538 1 0 1 137.838
137.769 1 0 0 138.069
138 1 0 2 138.3
138 1 0 3 138.3
138.231 1 0 2 138.531
138.462 1 0 0 138.762
138.692 1 0 1 138.992
138.923 1 0 3 139.223
138.923 1 0 2 139.223
139.154 1 0 2 139.454
139.385 1 0 2 139.685
139.615 1 0 0 139.915
139.846 1 0 2 140.146
139.846 1 0 3 140.146
140.077 1 0 1 140.377
140.308 1 0 0 140.608
140.538 1 0 2 140.838
140.769 1 0 2 141.069
140.769 1 0 3 141.069
141 1 0 1 141.3
141.231 1 0 1 141.531
141.462 1 0 0 141.762
141.692 1 0 3 141.992
141.692 1 0 2 141.992
141.923 1 0 2 142.223
142.154 1 0 0 142.454
142.385 1 0 2 142.685
142.615 1 0 3 142.915
142.615 1 0 2 142.915
142.846 1 0 1 143.146
143.077 1 0 1 143.377
143.308 1 0 0 143.608
143.538 1 0 2 143.838
143.538 1 0 3 143.838
143.769 1 0 2 144.069
144 1 0 1 144.3
144.231 1 0 1 144.531
144.462 1 0 2 144.762
144.462 1 0 3 144.762
144.692 1 0 2 144.992
144.923 1 0 2 145.223
145.154 1 0 0 145.454
145.385 1 0 2 145.685
145.385 1 0 3 145.685
145.615 1 0 2 145.915
145.846 1 0 0 146.146
146.077 1 0 2 146.377
146.308 1 0 3 146.608
146.308 1 0 2 146.608
146.538 1 0 1 146.838
146.769 1 0 1 147.069
147 1 0 0 147.3
147.231 1 0 2 147.531
147.231 1 0 3 147.531
147.462 1 0 2 147.762
0 1 0 0 0 0 0 0 0 0 0 0
0 1 0 0 0 0 0 0 0 0 0 0
0 1 0 1 0 0 0 0 0 0 0 0
0.0288462 1 0 1 0 0 0 0 0 0 0 0
0.115385 1 0 1 0 0 0 0 0 0 0 0
0.230769 1 0 1 0 0 0 0 0 0 0 0
5.07692 1 0 5 0 0 0 0 0 0 0 0
5.19231 1 0 5 0 0 0 0 0 0 0 0
5.30769 1 0 5 0 0 0 0 0 0 0 0
5.42308 1 0 5 0 0 0 0 0 0 0 0
12.4615 1 0 5 0 0 0 0 0 0 0 0
12.5769 1 0 5 0 0 0 0 0 0 0 0
12.6923 1 0 5 0 0 0 0 0 0 0 0
12.8077 1 0 5 0 0 0 0 0 0 0 0
14.7692 2 0 1 0 0 0 0 0 0 0 0
16.1538 2 1 1 0 0 0 0 0 0 0 0
18.4615 1 0 3 0 0 0 0 0 0 0 0
20.3077 1 0 3 0 0 0 0 0 0 0 0
22.1538 2 0 1 0 0 0 0 0 0 0 0
24 2 0 1 0 0 0 0 0 0 0 0
24.6923 2 1 1 0 0 0 0 0 0 0 0
25.8462 2 1 1 0 0 0 0 0 0 0 0
27.6923 2 1 1 0 0 0 0 0 0 0 0
29.5385 2 1 1 0 0 0 0 0 0 0 0
32.3077 2 0 5 0 0 0 0 0 0 0 0
32.5385 2 1 5 0 0 0 0 0 0 0 0
32.7692 2 1 5 0 0 0 0 0 0 0 0
33 2 0 5 0 0 0 0 0 0 0 0
34.8462 1 2 1 0 0 0 0 0 0 0 0
36 2 0 5 0 0 0 0 0 0 0 0
36.3462 2 0 5 0 0 0 0 0 0 0 0
40.6154 2 1 5 0 0 0 0 0 0 0 0
42 2 0 5 0 0 0 0 0 0 0 0
45.2308 1 0 4 0 0 0 0 0 0 0 0
45.5769 1 0 4 0 0 0 0 0 0 0 0
45.9231 1 0 4 0 0 0 0 0 0 0 0
47.0769 1 0 4 0 0 0 0 0 0 0 0
47.4231 1 0 4 0 0 0 0 0 0 0 0
47.7692 1 0 4 0 0 0 0 0 0 0 0
51.6923 1 0 4 0 0 0 0 0 0 0 0
52.8462 1 2 1 0 0 0 0 0 0 0 0
53.0769 1 0 4 0 0 0 0 0 0 0 0
53.5385 1 2 1 0 0 0 0 0 0 0 0
54 1 0 4 0 0 0 0 0 0 0 0
54.6923 1 2 1 0 0 0 0 0 0 0 0
54.9231 1 0 4 0 0 0 0 0 0 0 0
55.3846 1 2 1 0 0 0 0 0 0 0 0
55.8462 1 0 4 0 0 0 0 0 0 0 0
56.0769 1 2 1 0 0 0 0 0 0 0 0
56.5385 1 2 1 0 0 0 0 0 0 0 0
56.7692 1 0 4 0 0 0 0 0 0 0 0
57.2308 1 2 1 0 0 0 0 0 0 0 0
57.6923 1 0 4 0 0 0 0 0 0 0 0
57.9231 1 2 1 0 0 0 0 0 0 0 0
58.1538 1 2 1 0 0 0 0 0 0 0 0
58.3846 1 2 1 0 0 0 0 0 0 0 0
58.6154 1 2 1 0 0 0 0 0 0 0 0
58.9038 1 2 1 0 0 0 0 0 0 0 0
59.5385 1 0 5 0 0 0 0 0 0 0 0
59.7692 1 0 5 0 0 0 0 0 0 0 0
60.4615 2 0 5 0 0 0 0 0 0 0 0
61.8462 2 0 5 0 0 0 0 0 0 0 0
62.7692 1 0 1 0 0 0 0 0 0 0 0
63 1 0 1 0 0 0 0 0 0 0 0
63.2308 1 2 5 0 0 0 0 0 0 0 0
63.4615 1 0 1 0 0 0 0 0 0 0 0
63.6923 1 0 1 0 0 0 0 0 0 0 0
63.9231 1 2 5 0 0 0 0 0 0 0 0
64.1538 1 0 1 0 0 0 0 0 0 0 0
64.3846 1 0 1 0 0 0 0 0 0 0 0
64.6154 2 0 5 0 0 0 0 0 0 0 0
66.4615 2 0 5 0 0 0 0 0 0 0 0
69.2308 2 1 2 0 0 0 0 0 0 0 0
69.4615 2 1 2 0 0 0 0 0 0 0 0
69.6923 2 1 2 0 0 0 0 0 0 0 0
71.3077 2 0 5 0 0 0 0 0 0 0 0
72.9231 2 1 1 0 0 0 0 0 0 0 0
73.8462 2 1 1 0 0 0 0 0 0 0 0
81.2308 2 0 5 0 0 0 0 0 0 0 0
82.1538 1 1 1 0 0 0 0 0 0 0 0
82.6154 1 1 1 0 0 0 0 0 0 0 0
83.0769 1 1 1 0 0 0 0 0 0 0 0
83.5385 1 1 1 0 0 0 0 0 0 0 0
83.7692 1 1 1 0 0 0 0 0 0 0 0
84 1 3 5 0 0 0 0 0 0 0 0
88.6154 2 1 5 0 0 0 0 0 0 0 0
90.4615 2 1 5 0 0 0 0 0 0 0 0
92.3077 1 2 1 0 0 0 0 0 0 0 0
93.6923 2 1 5 0 0 0 0 0 0 0 0
96 2 1 5 0 0 0 0 0 0 0 0
97.8462 1 0 1 0 0 0 0 0 0 0 0
99.6923 1 0 1 0 0 0 0 0 0 0 0
103.385 2 0 3 0 0 0 0 0 0 0 0
105.231 2 0 3 0 0 0 0 0 0 0 0
107.077 2 0 3 0 0 0 0 0 0 0 0
109.154 2 0 3 0 0 0 0 0 0 0 0
118.154 1 2 1 0 0 0 0 0 0 0 0
118.385 1 2 1 0 0 0 0 0 0 0 0
118.615 1 0 5 0 0 0 0 0 0 0 0
119.077 1 2 1 0 0 0 0 0 0 0 0
119.308 1 2 1 0 0 0 0 0 0 0 0
119.538 1 0 5 0 0 0 0 0 0 0 0
120 1 2 1 0 0 0 0 0 0 0 0
120.231 1 2 1 0 0 0 0 0 0 0 0
120.462 1 0 5 0 0 0 0 0 0 0 0
120.692 1 2 1 0 0 0 0 0 0 0 0
120.923 1 2 1 0 0 0 0 0 0 0 0
121.154 1 2 1 0 0 0 0 0 0 0 0
121.385 1 0 5 0 0 0 0 0 0 0 0
121.846 1 2 1 0 0 0 0 0 0 0 0
122.077 1 2 1 0 0 0 0 0 0 0 0
122.308 1 0 5 0 0 0 0 0 0 0 0
122.538 1 2 1 0 0 0 0 0 0 0 0
122.769 1 2 1 0 0 0 0 0 0 0 0
123 1 2 1 0 0 0 0 0 0 0 0
123.231 1 0 5 0 0 0 0 0 0 0 0
123.692 1 2 1 0 0 0 0 0 0 0 0
123.923 1 2 1 0 0 0 0 0 0 0 0
124.154 1 0 5 0 0 0 0 0 0 0 0
124.385 1 2 1 0 0 0 0 0 0 0 0
124.615 1 2 1 0 0 0 0 0 0 0 0
124.846 1 2 1 0 0 0 0 0 0 0 0
125.077 1 0 5 0 0 0 0 0 0 0 0
125.538 1 2 1 0 0 0 0 0 0 0 0
125.769 1 2 1 0 0 0 0 0 0 0 0
126 1 0 5 0 0 0 0 0 0 0 0
126.231 1 2 1 0 0 0 0 0 0 0 0
126.462 1 2 1 0 0 0 0 0 0 0 0
126.692 1 2 1 0 0 0 0 0 0 0 0
126.923 1 0 5 0 0 0 0 0 0 0 0
127.385 1 2 1 0 0 0 0 0 0 0 0
127.615 1 2 1 0 0 0 0 0 0 0 0
127.846 1 0 5 0 0 0 0 0 0 0 0
128.077 1 2 1 0 0 0 0 0 0 0 0
128.308 1 2 1 0 0 0 0 0 0 0 0
128.538 1 2 1 0 0 0 0 0 0 0 0
128.769 1 0 5 0 0 0 0 0 0 0 0
129.231 1 2 1 0 0 0 0 0 0 0 0
129.462 1 2 1 0 0 0 0 0 0 0 0
129.692 1 0 5 0 0 0 0 0 0 0 0
129.923 1 2 1 0 0 0 0 0 0 0 0
130.154 1 2 1 0 0 0 0 0 0 0 0
130.385 1 2 1 0 0 0 0 0 0 0 0
130.615 1 0 5 0 0 0 0 0 0 0 0
131.077 1 2 1 0 0 0 0 0 0 0 0
131.308 1 2 1 0 0 0 0 0 0 0 0
131.538 1 0 5 0 0 0 0 0 0 0 0
131.769 1 2 1 0 0 0 0 0 0 0 0
132 1 2 1 0 0 0 0 0 0 0 0
132.231 1 2 1 0 0 0 0 0 0 0 0
132.462 1 0 5 0 0 0 0 0 0 0 0
132.923 1 2 1 0 0 0 0 0 0 0 0
133.154 1 2 1 0 0 0 0 0 0 0 0
133.385 1 0 5 0 0 0 0 0 0 0 0
133.615 1 2 1 0 0 0 0 0 0 0 0
133.846 1 2 1 0 0 0 0 0 0 0 0
134.077 1 2 1 0 0 0 0 0 0 0 0
134.308 1 0 5 0 0 0 0 0 0 0 0
134.769 1 2 1 0 0 0 0 0 0 0 0
135 1 2 1 0 0 0 0 0 0 0 0
135.231 1 0 5 0 0 0 0 0 0 0 0
135.462 1 2 1 0 0 0 0 0 0 0 0
135.692 1 2 1 0 0 0 0 0 0 0 0
135.923 1 2 1 0 0 0 0 0 0 0 0
136.154 1 0 5 0 0 0 0 0 0 0 0
136.615 1 2 1 0 0 0 0 0 0 0 0
136.846 1 2 1 0 0 0 0 0 0 0 0
137.077 1 0 5 0 0 0 0 0 0 0 0
137.308 1 2 1 0 0 0 0 0 0 0 0
137.538 1 2 1 0 0 0 0 0 0 0 0
137.769 1 2 1 0 0 0 0 0 0 0 0
138 1 0 5 0 0 0 0 0 0 0 0
138.462 1 2 1 0 0 0 0 0 0 0 0
138.692 1 2 1 0 0 0 0 0 0 0 0
138.923 1 0 5 0 0 0 0 0 0 0 0
139.154 1 2 1 0 0 0 0 0 0 0 0
139.385 1 2 1 0 0 0 0 0 0 0 0
139.615 1 2 1 0 0 0 0 0 0 0 0
139.846 1 0 5 0 0 0 0 0 0 0 0
140.308 1 2 1 0 0 0 0 0 0 0 0
140.538 1 2 1 0 0 0 0 0 0 0 0
140.769 1 0 5 0 0 0 0 0 0 0 0
141 1 2 1 0 0 0 0 0 0 0 0
141.231 1 2 1 0 0 0 0 0 0 0 0
141.462 1 2 1 0 0 0 0 0 0 0 0
141.692 1 0 5 0 0 0 0 0 0 0 0
142.154 1 2 1 0 0 0 0 0 0 0 0
142.385 1 2 1 0 0 0 0 0 0 0 0
142.615 1 0 5 0 0 0 0 0 0 0 0
142.846 1 2 1 0 0 0 0 0 0 0 0
143.077 1 2 1 0 0 0 0 0 0 0 0
143.308 1 2 1 0 0 0 0 0 0 0 0
143.538 1 0 5 0 0 0 0 0 0 0 0
144 1 2 1 0 0 0 0 0 0 0 0
144.231 1 2 1 0 0 0 0 0 0 0 0
144.462 1 0 5 0 0 0 0 0 0 0 0
144.692 1 2 1 0 0 0 0 0 0 0 0
144.923 1 2 1 0 0 0 0 0 0 0 0
145.154 1 2 1 0 0 0 0 0 0 0 0
145.385 1 0 5 0 0 0 0 0 0 0 0
145.846 1 2 1 0 0 0 0 0 0 0 0
146.077 1 2 1 0 0 0 0 0 0 0 0
146.308 1 0 5 0 0 0 0 0 0 0 0
146.538 1 2 1 0 0 0 0 0 0 0 0
146.769 1 2 1 0 0 0 0 0 0 0 0
147 1 2 1 0 0 0 0 0 0 0 0
147.231 1 0 5 0 0 0 0 0 0 0 0
