1130 0
2.1 1 0 1 2.4
2.25 1 0 2 2.55
2.4 1 0 3 2.7
2.55 4 0 4 2.55
2.85 1 0 3 3.15
3 1 0 0 3.3
3.3 1 0 2 3.6
3.45 1 0 1 3.75
3.6 1 0 2 3.9
3.9 1 0 2 4.2
3.9 1 0 3 4.2
4.2 1 0 0 4.5
4.2 1 0 1 4.5
4.35 1 0 3 4.65
4.5 1 0 2 4.8
4.65 1 0 1 4.95
4.8 1 0 0 5.1
4.8 1 0 2 5.1
5.1 1 0 1 5.4
5.1 1 0 2 5.4
5.4 1 0 1 5.7
5.4 1 0 3 5.7
5.7 1 0 0 6
5.85 1 0 3 6.15
6 1 0 2 6.3
6.3 1 0 3 6.6
6.45 1 0 1 6.75
6.525 1 0 3 6.825
6.6 1 0 1 6.9
6.675 1 0 3 6.975
6.75 1 0 1 7.05
6.9 1 0 3 7.2
7.05 1 0 0 7.35
7.2 1 0 3 7.5
7.2 1 0 2 7.5
7.5 1 0 2 7.8
7.5 1 0 1 7.8
7.8 1 0 3 8.1
7.8 1 0 0 8.1
8.25 1 0 2 8.55
8.4 1 0 3 8.7
8.7 1 0 2 9
8.85 1 0 1 9.15
8.925 1 0 2 9.225
9 1 0 3 9.3
9.075 1 0 2 9.375
9.15 1 0 1 9.45
9.3 1 0 0 9.6
9.45 1 0 3 9.75
9.6 2 0 3 11.85
9.9 2 0 0 11.85
10.95 1 0 2 11.25
11.1 1 0 1 11.4
11.25 1 0 1 11.55
11.4 1 0 2 11.7
11.55 1 0 1 11.85
11.7 1 0 2 12
11.85 1 0 1 12.15
12.15 4 0 4 12.15
12.15 1 0 3 12.45
12.3 1 0 0 12.6
12.45 1 0 3 12.75
12.6 1 0 2 12.9
12.9 1 0 0 13.2
13.05 1 0 3 13.35
13.2 2 0 0 13.5
13.5 2 0 3 13.8
13.8 1 0 2 14.1
13.95 1 0 0 14.25
14.1 1 0 1 14.4
14.25 1 0 3 14.55
14.4 2 0 2 14.7
14.7 1 0 3 15
14.85 1 0 1 15.15
15 1 0 1 15.3
15.15 1 0 0 15.45
15.3 1 0 1 15.6
15.45 1 0 2 15.75
15.6 2 0 0 15.9
15.9 2 0 1 16.2
16.2 1 0 2 16.5
16.35 1 0 3 16.65
16.5 1 0 2 16.8
16.65 1 0 0 16.95
16.8 1 0 1 17.1
16.95 1 0 0 17.25
17.1 1 0 1 17.4
17.25 1 0 2 17.55
17.4 1 0 3 17.7
17.55 1 0 0 17.85
17.7 1 0 1 18
17.85 1 0 2 18.15
18 1 0 3 18.3
18.15 1 0 0 18.45
18.3 2 0 3 18.75
18.45 1 0 0 18.75
18.525 1 0 1 18.825
18.6 1 0 2 18.9
18.675 1 0 1 18.975
18.75 1 0 0 19.05
18.9 1 0 2 19.2
19.05 1 0 0 19.35
19.2 2 0 0 20.7
19.5 2 0 3 20.7
20.55 1 0 1 20.85
20.7 1 0 2 21
20.85 1 0 0 21.15
20.925 1 0 1 21.225
21 1 0 2 21.3
21.15 1 0 3 21.45
21.3 1 0 2 21.6
21.45 1 0 1 21.75
21.6 1 0 0 21.9
21.75 1 0 3 22.05
21.9 1 0 0 22.2
22.05 1 0 3 22.35
22.2 1 0 0 22.5
22.35 1 0 3 22.65
22.5 1 0 0 22.8
22.65 1 0 3 22.95
22.8 1 0 0 23.1
22.95 1 0 3 23.25
23.1 1 0 0 23.4
23.25 1 0 3 23.55
23.4 1 0 0 23.7
23.475 1 0 0 23.775
23.55 1 0 3 23.85
23.7 1 0 0 24
23.85 1 0 3 24.15
24 1 0 0 24.3
24.15 1 0 3 24.45
24.3 1 0 0 24.6
24.45 1 0 3 24.75
24.6 1 0 0 24.9
24.75 1 0 3 25.05
24.9 1 0 0 25.2
25.05 1 0 3 25.35
25.2 1 0 0 25.5
25.35 2 0 3 25.65
25.35 1 0 1 25.65
25.5 1 0 2 25.8
25.5 1 0 0 25.8
25.575 1 0 0 25.875
25.65 1 0 1 25.95
25.65 2 0 2 25.95
25.8 1 0 0 26.1
25.8 1 0 3 26.1
25.95 1 0 1 26.25
25.95 2 0 3 26.25
26.1 1 0 0 26.4
26.1 1 0 2 26.4
26.25 1 0 1 26.55
26.25 1 0 2 26.55
26.4 1 0 0 26.7
26.4 1 0 3 26.7
26.475 1 0 2 26.775
26.55 1 0 0 26.85
26.55 1 0 1 26.85
26.7 1 0 3 27
26.85 1 0 0 27.15
26.85 1 0 2 27.15
27 1 0 3 27.3
27.15 1 0 0 27.45
27.3 1 0 3 27.6
27.45 1 0 1 27.75
27.45 1 0 2 27.75
27.6 1 0 3 27.9
27.75 1 0 0 28.05
27.9 1 0 3 28.2
28.05 1 0 0 28.35
28.05 1 0 2 28.35
28.2 1 0 3 28.5
28.35 1 0 0 28.65
28.5 1 0 3 28.8
28.65 1 0 2 28.95
28.65 1 0 1 28.95
28.8 1 0 0 29.1
28.8 1 0 3 29.1
28.875 1 0 1 29.175
28.95 1 0 3 29.25
28.95 1 0 2 29.25
29.1 1 0 0 29.4
29.25 1 0 1 29.55
29.25 1 0 2 29.55
29.4 1 0 0 29.7
29.4 2 0 3 29.7
29.55 1 0 0 29.85
29.7 1 0 1 30
29.85 1 0 0 30.15
29.85 2 0 2 30.15
30 1 0 1 30.3
30.075 1 0 1 30.375
30.15 1 0 0 30.45
30.3 1 0 3 30.6
30.45 1 0 1 30.75
30.45 1 0 2 30.75
30.6 1 0 3 30.9
30.75 1 0 2 31.05
30.825 1 0 0 31.125
30.9 1 0 3 31.2
30.975 1 0 1 31.275
31.05 1 0 2 31.35
31.125 1 0 0 31.425
31.2 1 0 3 31.5
31.275 1 0 1 31.575
31.35 1 0 2 31.65
31.35 1 0 3 31.65
31.5 1 0 0 31.8
31.65 1 0 3 31.95
31.65 1 0 1 31.95
31.8 1 0 0 32.1
31.95 1 0 0 32.25
31.95 1 0 3 32.25
32.1 1 0 0 32.4
32.25 1 0 1 32.55
32.25 1 0 2 32.55
32.4 1 0 0 32.7
32.55 1 0 0 32.85
32.55 1 0 1 32.85
32.7 1 0 3 33
32.85 1 0 2 33.15
32.85 1 0 0 33.15
33 1 0 3 33.3
33.15 1 0 3 33.45
33.15 1 0 1 33.45
33.3 1 0 3 33.6
33.45 1 0 2 33.75
33.45 1 0 0 33.75
33.6 1 0 3 33.9
33.675 1 0 2 33.975
33.75 1 0 0 34.05
33.75 1 0 1 34.05
33.9 1 0 3 34.2
34.05 1 0 1 34.35
34.05 1 0 2 34.35
34.2 1 0 3 34.5
34.35 1 0 3 34.65
34.35 1 0 0 34.65
34.5 1 0 3 34.8
34.65 1 0 2 34.95
34.65 1 0 0 34.95
34.8 1 0 3 35.1
34.95 1 0 2 35.25
34.95 1 0 3 35.25
35.1 1 0 0 35.4
35.25 1 0 1 35.55
35.25 1 0 3 35.55
35.4 1 0 0 35.7
35.475 1 0 0 35.775
35.55 1 0 1 35.85
35.55 1 0 2 35.85
35.7 1 0 0 36
35.85 1 0 1 36.15
35.85 1 0 3 36.15
36 1 0 0 36.3
36.075 1 0 1 36.375
36.15 1 0 2 36.45
36.15 1 0 3 36.45
36.3 1 0 0 36.6
36.3 1 0 3 36.6
36.45 1 0 1 36.75
36.45 1 0 2 36.75
36.6 1 0 0 36.9
36.75 1 0 0 37.05
36.75 1 0 3 37.05
36.9 1 0 0 37.2
37.05 1 0 1 37.35
37.05 1 0 3 37.35
37.2 1 0 0 37.5
37.35 1 0 0 37.65
37.35 1 0 1 37.65
37.5 1 0 3 37.8
37.65 1 0 2 37.95
37.65 1 0 0 37.95
37.8 1 0 3 38.1
37.95 1 0 3 38.25
37.95 1 0 0 38.25
38.1 1 0 3 38.4
38.25 1 0 2 38.55
38.4 1 0 3 38.7
38.475 1 0 1 38.775
38.55 1 0 2 38.85
38.55 1 0 3 38.85
38.7 1 0 0 39
38.7 1 0 2 39
38.775 1 0 3 39.075
38.775 1 0 1 39.075
38.85 1 0 0 39.15
38.85 1 0 2 39.15
39 1 0 0 39.3
39 1 0 2 39.3
39.15 1 0 2 39.45
39.15 1 0 3 39.45
39.225 1 0 0 39.525
39.225 1 0 1 39.525
39.3 1 0 2 39.6
39.3 1 0 3 39.6
39.375 1 0 0 39.675
39.375 1 0 1 39.675
39.45 1 0 2 39.75
39.45 1 0 3 39.75
39.6 1 0 0 39.9
39.6375 1 0 1 39.9375
39.675 1 0 2 39.975
39.7125 1 0 3 40.0125
39.75 2 0 0 40.05
39.9 1 0 3 40.2
40.05 2 0 1 40.35
40.2 1 0 2 40.5
40.35 2 0 2 40.65
40.5 1 0 1 40.8
40.65 2 0 3 40.95
40.8 1 0 0 41.1
40.95 3 0 4 40.95
41.1 1 1 2 41.4
41.1 1 1 1 41.4
41.25 1 1 1 41.55
41.25 1 1 2 41.55
41.4 3 1 4 41.4
41.55 1 2 0 41.85
41.55 1 2 3 41.85
41.7 1 2 0 42
41.7 1 2 3 42
41.85 3 2 4 41.85
42 1 3 1 42.3
42 1 3 2 42.3
42.15 1 3 1 42.45
42.15 1 3 2 42.45
42.3 3 3 4 42.3
42.45 1 0 0 42.75
42.45 1 0 3 42.75
42.6 1 0 0 42.9
42.6 1 0 3 42.9
42.75 4 0 4 42.75
42.9 1 0 0 43.2
43.05 1 0 3 43.35
43.125 1 0 1 43.425
43.2 1 0 2 43.5
43.275 1 0 0 43.575
43.35 5 0 4 43.35
43.5 1 3 1 43.8
43.5 1 3 2 43.8
43.65 1 3 1 43.95
43.65 1 3 2 43.95
43.8 5 3 4 43.8
43.95 1 2 0 44.25
43.95 1 2 3 44.25
44.1 1 2 0 44.4
44.1 1 2 3 44.4
44.25 5 2 4 44.25
44.4 1 1 1 44.7
44.4 1 1 2 44.7
44.55 1 1 1 44.85
44.55 1 1 2 44.85
44.7 5 1 4 44.7
44.85 1 0 0 45.15
44.85 1 0 3 45.15
45 1 0 0 45.3
45 1 0 3 45.3
45.15 4 0 4 45.15
45.3 1 0 3 45.6
45.45 1 0 0 45.75
45.525 1 0 2 45.825
45.6 1 0 1 45.9
45.675 1 0 3 45.975
45.75 3 0 4 45.75
45.9 1 1 0 46.2
45.9 1 1 2 46.2
46.05 1 1 1 46.35
46.05 1 1 3 46.35
46.2 4 1 4 46.2
46.35 1 1 1 46.65
46.35 1 1 3 46.65
46.5 1 1 0 46.8
46.5 1 1 2 46.8
46.65 5 1 4 46.65
46.8 1 0 1 47.1
46.8 1 0 3 47.1
46.95 1 0 0 47.25
46.95 1 0 2 47.25
47.1 4 0 4 47.1
47.25 1 0 0 47.55
47.25 1 0 2 47.55
47.4 1 0 1 47.7
47.4 1 0 3 47.7
47.55 5 0 4 47.55
47.7 1 3 3 48
47.775 1 3 2 48.075
47.85 1 3 3 48.15
47.925 1 3 2 48.225
48 1 3 3 48.3
48.075 1 3 2 48.375
48.15 3 3 4 48.15
48.3 1 0 0 48.6
48.3 1 0 1 48.6
48.45 1 0 2 48.75
48.45 1 0 3 48.75
48.6 4 0 4 48.6
48.75 1 0 2 49.05
48.75 1 0 3 49.05
48.9 1 0 0 49.2
48.9 1 0 1 49.2
49.05 5 0 4 49.05
49.2 1 3 2 49.5
49.2 1 3 3 49.5
49.35 1 3 0 49.65
49.35 1 3 1 49.65
49.5 4 3 4 49.5
49.65 1 3 0 49.95
49.65 1 3 1 49.95
49.8 1 3 2 50.1
49.8 1 3 3 50.1
49.95 3 3 4 49.95
50.1 2 0 1 50.25
50.25 2 0 2 50.4
50.4 2 0 3 50.55
50.55 4 0 4 50.55
50.7 1 0 1 51
50.7 1 0 2 51
50.85 1 0 0 51.15
50.85 1 0 3 51.15
51 1 0 1 51.3
51 1 0 2 51.3
51.15 2 0 0 51.45
51.3 1 0 2 51.6
51.3 1 0 3 51.6
51.45 2 0 3 51.75
51.6 1 0 0 51.9
51.6 1 0 1 51.9
51.75 4 0 4 51.75
51.9 1 0 0 52.2
51.9 1 0 3 52.2
52.05 1 0 1 52.35
52.05 1 0 2 52.35
52.2 1 0 0 52.5
52.2 1 0 3 52.5
52.35 2 0 2 52.65
52.5 1 0 0 52.8
52.5 1 0 1 52.8
52.65 2 0 1 52.95
52.8 1 0 2 53.1
52.8 1 0 3 53.1
52.95 4 0 4 52.95
53.1 1 0 3 53.4
53.175 1 0 1 53.475
53.25 1 0 3 53.55
53.325 1 0 1 53.625
53.4 1 0 3 53.7
53.55 1 0 0 53.85
53.625 1 0 2 53.925
53.7 1 0 0 54
53.775 1 0 2 54.075
53.85 1 0 0 54.15
54 1 0 2 54.3
54.075 1 0 1 54.375
54.15 1 0 2 54.45
54.225 1 0 1 54.525
54.3 1 0 2 54.6
54.45 1 0 1 54.75
54.525 1 0 3 54.825
54.6 1 0 1 54.9
54.675 1 0 3 54.975
54.75 1 0 0 55.05
54.825 1 0 2 55.125
54.9 1 0 1 55.2
54.975 1 0 3 55.275
55.05 1 0 0 55.35
55.125 1 0 2 55.425
55.2 1 0 1 55.5
55.275 1 0 3 55.575
55.35 4 0 4 55.35
55.5 1 0 0 55.8
55.5 1 0 1 55.8
55.65 1 0 2 55.95
55.65 1 0 3 55.95
55.8 1 0 0 56.1
55.8 1 0 1 56.1
55.95 2 0 3 56.25
56.1 1 0 0 56.4
56.1 1 0 2 56.4
56.25 2 0 0 56.55
56.4 1 0 1 56.7
56.4 1 0 3 56.7
56.55 4 0 4 56.55
56.7 1 0 3 57
56.7 1 0 2 57
56.85 1 0 0 57.15
56.85 1 0 1 57.15
57 1 0 2 57.3
57 1 0 3 57.3
57.15 2 0 0 57.6
57.3 2 0 1 57.6
57.45 2 0 2 57.6
57.6 2 0 3 58.95
57.75 4 0 4 57.75
57.9 1 0 0 58.2
57.975 1 0 1 58.275
58.05 1 0 2 58.35
58.125 1 0 1 58.425
58.2 1 0 0 58.5
58.35 1 0 2 58.65
58.425 1 0 1 58.725
58.5 1 0 2 58.8
58.575 1 0 1 58.875
58.65 1 0 2 58.95
58.8 1 0 1 59.1
58.875 1 0 0 59.175
58.95 1 0 2 59.25
59.025 1 0 0 59.325
59.1 1 0 1 59.4
59.25 1 0 3 59.55
59.325 1 0 0 59.625
59.4 1 0 3 59.7
59.55 2 0 1 59.7
59.7 1 0 2 60
59.7 1 0 3 60
59.85 2 0 1 60
60 1 0 2 60.3
60 1 0 3 60.3
60.15 4 0 4 60.15
60.3 1 0 0 60.6
60.45 1 0 0 60.75
60.6 1 0 0 60.9
60.75 1 0 0 61.05
60.9 1 0 0 61.2
61.05 1 0 0 61.35
61.2 1 0 0 61.5
61.35 1 0 0 61.65
61.5 1 0 0 61.8
61.65 1 0 0 61.95
61.8 1 0 0 62.1
61.95 1 0 0 62.25
62.1 1 0 0 62.4
62.25 1 0 0 62.55
62.4 1 0 0 62.7
62.55 1 0 1 62.85
62.7 1 0 1 63
62.85 1 0 1 63.15
63 1 0 1 63.3
63.15 1 0 1 63.45
63.3 1 0 1 63.6
63.45 1 0 1 63.75
63.6 1 0 1 63.9
63.75 1 0 1 64.05
63.9 1 0 1 64.2
64.05 1 0 1 64.35
64.2 1 0 1 64.5
64.35 1 0 1 64.65
64.5 1 0 1 64.8
64.65 1 0 1 64.95
64.8 1 0 1 65.1
64.95 1 0 2 65.25
65.1 1 0 2 65.4
65.25 1 0 2 65.55
65.4 1 0 2 65.7
65.55 1 0 2 65.85
65.7 1 0 2 66
65.85 1 0 2 66.15
66 1 0 2 66.3
66.15 1 0 2 66.45
66.3 1 0 2 66.6
66.45 1 0 2 66.75
66.6 1 0 2 66.9
66.75 1 0 2 67.05
66.9 1 0 2 67.2
67.05 1 0 2 67.35
67.2 1 0 2 67.5
67.35 1 0 3 67.65
67.5 1 0 3 67.8
67.65 1 0 3 67.95
67.8 1 0 3 68.1
67.95 1 0 3 68.25
68.1 1 0 3 68.4
68.25 1 0 3 68.55
68.4 1 0 3 68.7
68.55 1 0 3 68.85
68.7 1 0 3 69
68.85 1 0 3 69.15
69 1 0 3 69.3
69.15 1 0 3 69.45
69.3 1 0 3 69.6
69.45 1 0 3 69.75
69.6 1 0 3 69.9
69.75 4 0 4 69.75
70.05 1 0 1 70.35
70.05 1 0 3 70.35
70.2 2 0 1 70.8
70.2 1 0 3 70.5
70.5 1 0 0 70.8
70.65 1 0 2 70.95
70.8 1 0 3 71.1
70.95 2 0 2 72.0001
71.25 1 0 0 71.55
71.4 1 0 0 71.7
71.7 1 0 1 72
71.85 1 0 0 72.15
72 1 0 3 72.3
72.15 4 0 4 72.15
72.45 1 0 1 72.75
72.45 1 0 3 72.75
72.6 1 0 2 72.9
72.6 2 0 0 73.2001
72.9 1 0 1 73.2
73.05 1 0 2 73.35
73.2 1 0 3 73.5
73.35 1 0 0 73.65
73.35 1 0 1 73.65
73.65 2 0 2 73.95
73.95 2 0 0 74.25
74.25 2 0 1 74.55
74.55 1 0 3 74.85
74.55 2 0 0 75
74.7 1 0 3 75
74.85 1 0 2 75.15
75 1 0 3 75.3
75 2 0 1 75.45
75.15 1 0 3 75.45
75.3 1 0 3 75.6
75.45 1 0 2 75.75
75.45 2 0 0 76.3501
75.6 1 0 3 75.9
75.75 1 0 3 76.05
75.9 1 0 3 76.2
76.05 1 0 2 76.35
76.2 1 0 3 76.5
76.35 1 0 3 76.65
76.35 1 0 1 76.65
76.5 1 0 3 76.8
76.5 1 0 0 76.8
76.65 1 0 2 76.95
76.65 1 0 1 76.95
76.8 1 0 3 77.1
76.8 1 0 2 77.1
76.95 1 0 1 77.25
77.0437 1 0 0 77.3438
77.1375 1 0 1 77.4375
77.25 1 0 2 77.55
77.3438 1 0 1 77.6438
77.4375 1 0 2 77.7375
77.55 1 0 3 77.85
77.6438 1 0 0 77.9438
77.7375 1 0 1 78.0375
77.85 1 0 3 78.15
77.9438 1 0 2 78.2438
78.0375 1 0 1 78.3375
78.15 1 0 0 78.45
78.225 1 0 2 78.525
78.3 1 0 1 78.6
78.375 1 0 3 78.675
78.45 1 0 0 78.75
78.525 1 0 2 78.825
78.6 1 0 1 78.9
78.675 1 0 3 78.975
78.75 1 0 0 79.05
78.825 1 0 3 79.125
78.9 1 0 2 79.2
78.975 1 0 1 79.275
79.05 2 0 0 79.125
79.125 2 0 2 79.2
79.2 2 0 1 79.275
79.275 2 0 3 79.35
79.35 4 0 4 79.35
80.55 1 0 0 80.85
80.7 1 0 1 81
80.85 1 0 2 81.15
81 1 0 3 81.3
81.075 1 0 1 81.375
81.15 1 0 3 81.45
81.225 1 0 1 81.525
81.3 1 0 3 81.6
81.45 2 0 0 81.75
81.75 2 0 3 84.1503
81.9 1 0 1 82.2
82.05 1 0 0 82.35
82.05 1 0 2 82.35
82.2 1 0 1 82.5
82.35 1 0 0 82.65
82.5 1 0 1 82.8
82.65 1 0 0 82.95
82.65 1 0 2 82.95
82.8 1 0 1 83.1
83.1 1 0 0 83.4
83.25 1 0 1 83.55
83.25 1 0 2 83.55
83.4 1 0 0 83.7
83.55 1 0 1 83.85
83.7 1 0 0 84
83.85 1 0 1 84.15
83.85 1 0 2 84.15
84 1 0 0 84.3
84.075 1 0 1 84.375
84.15 1 0 2 84.45
84.225 1 0 0 84.525
84.3 1 0 3 84.6
84.375 1 0 1 84.675
84.45 1 0 0 84.75
84.525 1 0 2 84.825
84.6 1 0 1 84.9
84.675 1 0 3 84.975
84.75 2 0 2 85.05
84.9 1 0 0 85.2
84.975 1 0 1 85.275
85.05 1 0 0 85.35
85.125 1 0 1 85.425
85.2 2 0 0 85.5
85.5 2 0 3 85.8
85.8 1 0 1 86.1
85.875 1 0 2 86.175
85.95 1 0 1 86.25
86.025 1 0 3 86.325
86.1 1 0 1 86.4
86.25 1 0 2 86.55
86.325 1 0 0 86.625
86.4 1 0 2 86.7
86.475 1 0 1 86.775
86.55 2 0 2 87.4501
86.7 1 0 0 87
86.85 1 0 1 87.15
87 1 0 0 87.3
87.15 1 0 0 87.45
87.3 1 0 0 87.6
87.45 1 0 1 87.75
87.6 1 0 0 87.9
87.6 1 0 2 87.9
87.675 1 0 3 87.975
87.75 1 0 0 88.05
87.75 1 0 1 88.05
87.9 1 0 3 88.2
87.9 1 0 2 88.2
88.05 1 0 1 88.35
88.05 1 0 3 88.35
88.2 1 0 2 88.5
88.2 1 0 0 88.5
88.35 1 0 1 88.65
88.35 1 0 2 88.65
88.5 1 0 3 88.8
88.5 1 0 0 88.8
88.65 1 0 1 88.95
88.65 1 0 3 88.95
88.8 1 0 0 89.1
88.8 1 0 2 89.1
88.875 1 0 1 89.175
88.95 1 0 2 89.25
88.95 1 0 3 89.25
89.25 1 0 1 89.55
89.25 1 0 3 89.55
89.325 1 0 2 89.625
89.4 1 0 3 89.7
89.4 1 0 0 89.7
89.7 1 0 0 90
89.7 1 0 3 90
89.775 1 0 1 90.075
89.85 1 0 0 90.15
89.85 1 0 3 90.15
90.15 1 0 2 90.45
90.15 1 0 3 90.45
90.225 1 0 1 90.525
90.3 1 0 0 90.6
90.3 1 0 2 90.6
90.6 1 0 0 90.9
90.6 1 0 1 90.9
90.675 1 0 2 90.975
90.675 1 0 3 90.975
90.75 1 0 0 91.05
90.825 1 0 3 91.125
90.9 1 0 1 91.2
90.975 1 0 2 91.275
91.05 1 0 0 91.35
91.125 1 0 2 91.425
91.2 1 0 1 91.5
91.275 1 0 3 91.575
91.35 2 0 0 93.4503
91.5 1 0 3 91.8
91.65 1 0 2 91.95
91.65 1 0 1 91.95
91.8 1 0 3 92.1
91.95 1 0 2 92.25
92.1 1 0 3 92.4
92.25 1 0 2 92.55
92.25 1 0 1 92.55
92.4 1 0 3 92.7
92.7 1 0 2 93
92.85 1 0 3 93.15
92.85 1 0 1 93.15
93 1 0 2 93.3
93.15 1 0 3 93.45
93.3 1 0 2 93.6
93.45 1 0 3 93.75
93.45 1 0 1 93.75
93.6 1 0 2 93.9
93.6 1 0 0 93.9
93.675 1 0 1 93.975
93.75 1 0 0 94.05
93.825 1 0 2 94.125
93.9 1 0 1 94.2
93.975 1 0 3 94.275
94.05 1 0 0 94.35
94.125 1 0 1 94.425
94.2 1 0 3 94.5
94.275 1 0 2 94.575
94.35 1 0 0 94.65
94.425 1 0 3 94.725
94.5 1 0 1 94.8
94.575 1 0 2 94.875
94.65 1 0 3 94.95
94.725 1 0 0 95.025
94.8 1 0 2 95.1
94.875 1 0 1 95.175
94.95 4 0 4 94.95
94.95 1 0 3 95.25
95.1 1 0 0 95.4
95.175 1 0 1 95.475
95.25 4 0 4 95.25
95.25 1 0 2 95.55
95.4 1 0 3 95.7
95.475 1 0 2 95.775
95.55 4 0 4 95.55
95.55 1 0 0 95.85
95.775 4 0 4 95.775
95.775 1 0 1 96.075
96 4 0 4 96
96 1 0 2 96.3
96.15 1 0 3 96.45
96.225 1 0 1 96.525
96.3 1 0 3 96.6
96.375 1 0 1 96.675
96.45 1 0 3 96.75
96.6 1 0 0 96.9
96.675 1 0 2 96.975
96.75 1 0 0 97.05
96.825 1 0 2 97.125
96.9 1 0 0 97.2
97.05 1 0 0 97.35
97.125 1 0 1 97.425
97.2 1 0 2 97.5
97.275 1 0 3 97.575
97.35 1 0 1 97.65
97.425 1 0 2 97.725
97.5 1 0 1 97.8
97.575 1 0 2 97.875
97.65 1 0 1 97.95
97.8 1 0 3 98.1
97.875 1 0 0 98.175
97.95 1 0 3 98.25
98.025 1 0 0 98.325
98.1 1 0 3 98.4
98.25 2 0 0 98.4
98.4 2 0 3 98.55
98.55 1 0 0 98.85
98.55 1 0 1 98.85
98.7 1 0 0 99
98.85 1 0 0 99.15
99 1 0 0 99.3
99 1 0 2 99.3
99.075 1 0 1 99.375
99.15 1 0 0 99.45
99.225 1 0 1 99.525
99.3 1 0 0 99.6
99.45 1 0 0 99.75
99.45 1 0 3 99.75
99.525 1 0 2 99.825
99.6 1 0 1 99.9
99.675 1 0 0 99.975
99.75 1 0 3 100.05
99.9 1 0 1 100.2
99.975 1 0 0 100.275
100.05 1 0 2 100.35
100.05 1 0 3 100.35
100.2 1 0 0 100.5
100.2 1 0 1 100.5
100.35 1 0 2 100.65
100.425 1 0 3 100.725
100.5 1 0 0 100.8
100.5 1 0 1 100.8
100.65 4 0 4 100.65
100.8 1 0 0 101.1
100.875 1 0 1 101.175
100.95 1 0 2 101.25
100.95 1 0 3 101.25
101.1 1 0 0 101.4
101.25 1 0 1 101.55
101.25 1 0 3 101.55
101.4 1 0 0 101.7
101.4 1 0 2 101.7
101.55 1 0 2 101.85
101.55 1 0 3 101.85
101.7 1 0 1 102
101.85 1 0 0 102.15
101.85 1 0 2 102.15
102 1 0 1 102.3
102 1 0 3 102.3
102.15 1 0 0 102.45
102.15 1 0 1 102.45
102.3 1 0 1 102.6
102.3 1 0 2 102.6
102.45 1 0 2 102.75
102.45 1 0 3 102.75
102.6 4 0 4 102.6
102.6 2 0 0 102.75
102.9 4 0 4 102.9
102.9 2 0 2 103.05
103.2 4 0 4 103.2
103.2 2 0 3 103.35
103.35 1 0 0 103.65
103.35 1 0 1 103.65
103.5 1 0 2 103.8
103.65 1 0 0 103.95
103.65 1 0 3 103.95
103.8 1 0 1 104.1
103.8 1 0 2 104.1
103.95 1 0 3 104.25
103.95 1 0 1 104.25
104.1 1 0 0 104.4
104.25 1 0 1 104.55
104.25 1 0 2 104.55
104.4 1 0 0 104.7
104.4 1 0 2 104.7
104.55 1 0 2 104.85
104.55 1 0 3 104.85
104.7 1 0 0 105
104.7 1 0 1 105
104.85 1 0 2 105.15
104.85 1 0 3 105.15
105 4 0 4 105
105 2 0 3 105.15
105.3 4 0 4 105.3
105.3 2 0 1 105.45
105.6 4 0 4 105.6
105.6 2 0 0 105.75
105.75 1 0 1 106.05
105.75 1 0 3 106.05
105.9 1 0 0 106.2
105.9 1 0 2 106.2
106.05 1 0 1 106.35
106.05 1 0 2 106.35
106.2 2 0 3 106.65
106.2 2 0 1 106.65
106.35 1 0 2 106.65
106.65 1 0 2 106.95
106.8 1 0 0 107.1
106.875 1 0 1 107.175
106.95 1 0 2 107.25
106.95 1 0 3 107.25
107.1 1 0 0 107.4
107.25 1 0 1 107.55
107.25 1 0 3 107.55
107.4 1 0 2 107.7
107.4 2 0 0 107.7
107.7 1 0 2 108
107.7 2 0 3 109.2
108 1 0 1 108.3
108 2 0 0 109.2
108.15 1 0 2 108.45
108.3 1 0 1 108.6
108.45 1 0 2 108.75
108.6 1 0 1 108.9
108.75 1 0 2 109.05
108.9 1 0 1 109.2
109.05 1 0 2 109.35
109.2 1 0 1 109.5
109.275 1 0 2 109.575
109.35 1 0 0 109.65
109.35 1 0 1 109.65
109.5 1 0 3 109.8
109.5 1 0 2 109.8
109.575 1 0 3 109.875
109.575 1 0 2 109.875
109.725 1 0 1 110.025
109.725 1 0 2 110.025
109.8 1 0 1 110.1
109.8 1 0 2 110.1
109.95 1 0 0 110.25
109.95 1 0 1 110.25
110.025 1 0 0 110.325
110.025 1 0 1 110.325
110.175 1 0 2 110.475
110.175 1 0 3 110.475
110.25 1 0 0 110.55
110.325 1 0 1 110.625
110.4 1 0 2 110.7
110.475 1 0 3 110.775
110.55 1 0 0 110.85
110.7 1 0 0 111
110.85 4 0 4 110.85
110.85 1 0 3 111.15
111 1 0 0 111.3
111.15 1 0 1 111.45
111.15 1 0 3 111.45
111.3 1 0 2 111.6
111.45 1 0 0 111.75
111.45 1 0 2 111.75
111.6 1 0 1 111.9
111.6 1 0 3 111.9
111.75 1 0 1 112.05
111.75 1 0 2 112.05
111.9 1 0 0 112.2
111.9 1 0 3 112.2
112.05 1 0 1 112.35
112.05 1 0 2 112.35
112.2 4 0 4 112.2
112.2 2 0 0 112.35
112.5 4 0 4 112.5
112.5 2 0 2 112.65
112.8 4 0 4 112.8
112.8 2 0 3 112.95
112.95 1 0 0 113.25
112.95 1 0 1 113.25
113.1 1 0 2 113.4
113.25 1 0 1 113.55
113.25 1 0 3 113.55
113.4 1 0 0 113.7
113.4 1 0 2 113.7
113.55 1 0 1 113.85
113.55 1 0 2 113.85
113.7 1 0 0 114
113.85 1 0 3 114.15
113.85 1 0 1 114.15
114 1 0 0 114.3
114 1 0 2 114.3
114.15 1 0 1 114.45
114.15 1 0 2 114.45
114.3 1 0 0 114.6
114.3 1 0 3 114.6
114.45 1 0 1 114.75
114.45 1 0 2 114.75
114.6 4 0 4 114.6
114.6 2 0 3 114.75
114.9 4 0 4 114.9
114.9 2 0 1 115.05
115.2 4 0 4 115.2
115.2 1 0 3 115.5
115.275 1 0 2 115.575
115.35 1 0 0 115.65
115.35 1 0 1 115.65
115.5 1 0 2 115.8
115.5 1 0 0 115.8
115.65 1 0 3 115.95
115.65 1 0 1 115.95
115.8 1 0 2 116.1
115.8 1 0 0 116.1
115.95 1 0 0 116.25
115.95 1 0 1 116.25
116.1 1 0 0 116.4
116.1 1 0 2 116.4
116.25 1 0 1 116.55
116.25 1 0 3 116.55
116.4 1 0 0 116.7
116.4 1 0 2 116.7
116.55 1 0 3 116.85
116.55 1 0 2 116.85
116.7 1 0 3 117
116.7 1 0 1 117
116.85 1 0 2 117.15
116.85 1 0 0 117.15
117 1 0 3 117.3
117 1 0 1 117.3
117.15 1 0 3 117.45
117.15 1 0 2 117.45
117.3 1 0 3 117.6
117.3 1 0 1 117.6
117.45 1 0 2 117.75
117.45 1 0 0 117.75
117.6 1 0 3 117.9
117.6 1 0 1 117.9
117.75 1 0 0 118.05
117.75 1 0 1 118.05
117.75 4 0 4 117.75
117.9 1 0 1 118.2
117.9 1 0 0 118.2
118.05 1 0 3 118.35
118.05 4 0 4 118.05
118.05 1 0 2 118.35
118.2 1 0 2 118.5
118.2 1 0 3 118.5
118.35 1 0 1 118.65
118.35 4 0 4 118.35
118.35 1 0 0 118.65
118.5 1 0 0 118.8
118.5 1 0 1 118.8
118.65 1 0 3 118.95
118.65 4 0 4 118.65
118.65 1 0 2 118.95
118.8 1 0 2 119.1
118.8 1 0 3 119.1
118.95 4 0 4 118.95
118.95 1 0 0 119.25
119.025 4 0 4 119.025
119.025 1 0 3 119.325
119.1 4 0 4 119.1
119.1 1 0 0 119.4
119.175 4 0 4 119.175
119.175 1 0 3 119.475
119.25 4 0 4 119.25
119.25 1 0 0 119.55
119.325 4 0 4 119.325
119.325 1 0 3 119.625
119.4 4 0 4 119.4
119.4 1 0 0 119.7
119.475 4 0 4 119.475
119.475 1 0 3 119.775
119.55 4 0 4 119.55
119.55 1 0 1 119.85
119.625 4 0 4 119.625
119.625 1 0 2 119.925
119.7 4 0 4 119.7
119.7 1 0 1 120
119.775 4 0 4 119.775
119.775 1 0 2 120.075
119.85 4 0 4 119.85
119.85 1 0 1 120.15
119.925 4 0 4 119.925
119.925 1 0 2 120.225
120 4 0 4 120
120 1 0 1 120.3
120.075 4 0 4 120.075
120.075 1 0 2 120.375
120.15 4 0 4 120.15
120.15 1 0 1 120.45
120.3 1 0 3 120.6
120.3 1 0 1 120.6
120.45 1 0 0 120.75
120.45 1 0 2 120.75
120.6 4 0 4 120.6
120.6 1 0 3 120.9
120.75 1 0 0 121.05
120.75 1 0 2 121.05
120.9 1 0 1 121.2
120.9 1 0 3 121.2
121.05 4 0 4 121.05
121.05 2 0 0 121.35
