97 0
0 4 0 4 0
2.4 4 0 4 2
4.8 4 0 4 4
7.2 4 0 4 7
9.6 3 0 4 9
10.05 1 1 3 10
10.2 1 1 2 10
10.8 1 1 2 11
11.25 1 1 2 11
11.4 4 1 4 11.4
12 5 1 4 12
12.6 1 0 3 12
12.75 1 0 2 13
13.2 1 0 2 13
13.65 1 0 2 13
13.8 5 0 4 13
14.4 1 3 2 14
15 1 3 3 15
15.15 1 3 2 15
15.6 1 3 2 15
16.05 1 3 2 16
16.2 3 3 4 16
16.8 1 0 0 17
17.4 1 0 3 17
17.55 1 0 2 17
18 1 0 1 18
18.3 1 0 1 18
18.6 1 0 1 18
18.75 1 0 1 19
18.9 1 0 1 19
19.05 1 0 1 19
19.2 2 0 3 19.5
19.2 2 0 0 19.5
19.8 4 0 4 19
20.4 3 0 4 20
21 5 1 4 21
21.6 2 0 2 21.9
21.6 2 0 0 21.9
22.2 2 0 3 22.5
22.2 2 0 1 22.5
22.8 2 0 2 23.1
22.8 2 0 0 23.1
23.4 4 0 4 23
23.7 4 0 4 23
24 1 0 3 24
24.15 1 0 3 24
24.3 1 0 3 24
24.45 1 0 0 24
24.6 1 0 1 24
25.05 1 0 1 25
25.2 2 0 2 25.5
25.2 2 0 0 25.5
25.8 2 0 1 26.1
25.8 2 0 3 26.1
26.4 1 0 0 26
26.7 1 0 1 27
27 1 0 2 27
27.3 1 0 3 27
27.6 3 0 4 27
28.2 5 1 4 28
28.8 1 0 3 29
29.1 1 0 2 29
29.4 1 0 1 29
29.7 1 0 0 30
30 5 0 4 30
30.6 3 3 4 30
31.2 1 0 3 31
31.5 1 0 2 31
31.8 1 0 1 32
32.1 1 0 0 32
32.4 3 0 4 32
33 5 1 4 33
33.6 2 0 1 33.9
33.9 2 0 2 34.2
34.2 2 0 0 34.5
34.5 2 0 2 34.8
34.8 2 0 1 35.1
35.1 2 0 3 35.4
35.4 2 0 2 35.7
35.7 2 0 1 36
36.3 2 0 3 36.6
36.6 2 0 2 36.9
36.9 2 0 1 37.2
37.2 2 0 0 37.5
37.2 2 0 2 37.5
37.5 2 0 1 38.4
37.5 2 0 3 38.4
37.8 2 0 0 38.4
38.1 2 0 2 38.4
38.4 4 0 4 38
39.6 5 0 4 39.6
40.2 2 3 3 40.5
40.8 4 3 4 40.8
41.7 3 3 4 41.7
42 3 0 4 42
42.9 4 1 4 42.9
43.2 4 1 4 43.2
