789 0
1.01124 1 0 0 1.31124
1.34831 1 0 3 1.64831
1.68539 1 0 0 1.98539
1.85393 1 0 1 2.15393
2.02247 1 0 2 2.32247
2.35955 1 0 3 2.65955
2.69663 1 0 0 2.99663
3.03371 1 0 3 3.33371
3.20225 1 0 2 3.50225
3.37079 1 0 1 3.67079
3.70787 1 0 0 4.00787
4.04494 1 0 3 4.34494
4.38202 1 0 1 4.68202
4.55056 1 0 2 4.85056
4.7191 1 0 1 5.0191
5.05618 2 0 3 6.24102
5.39326 2 0 0 6.24102
6.40449 1 0 1 6.70449
6.74157 1 0 3 7.04157
7.07865 1 0 0 7.37865
7.24719 1 0 2 7.54719
7.41573 1 0 0 7.71573
7.75281 1 0 2 8.05281
8.08989 1 0 3 8.38989
8.42697 1 0 1 8.72697
8.59551 1 0 2 8.89551
8.76404 1 0 1 9.06404
9.10112 1 0 0 9.40112
9.4382 1 0 3 9.7382
9.77528 1 0 2 10.0753
9.94382 1 0 1 10.2438
10.1124 1 0 0 10.4124
10.2809 1 0 2 10.5809
10.618 2 0 3 11.4657
10.7865 1 0 0 11.0865
11.1236 1 0 1 11.4236
11.4607 1 0 2 11.7607
11.7978 1 0 0 12.0978
12.1348 1 0 2 12.4348
12.1348 1 0 0 12.4348
12.4719 1 0 2 12.7719
12.6404 1 0 1 12.9404
12.809 1 0 3 13.109
13.1461 1 0 1 13.4461
13.1461 1 0 3 13.4461
13.3146 1 0 2 13.6146
13.4831 1 0 3 13.7831
13.4831 1 0 0 13.7831
13.6517 1 0 2 13.9517
13.8202 1 0 2 14.1202
13.9888 1 0 1 14.2888
13.9888 1 0 2 14.2888
14.1573 1 0 3 14.4573
14.4944 1 0 1 14.7944
14.4944 1 0 2 14.7944
14.6629 1 0 2 14.9629
14.8315 1 0 0 15.1315
14.8315 1 0 2 15.1315
15.1685 1 0 2 15.4685
15.3371 1 0 1 15.6371
15.5056 1 0 3 15.8056
15.5056 1 0 0 15.8056
15.8427 1 0 3 16.1427
15.8427 1 0 1 16.1427
16.0112 1 0 2 16.3112
16.1798 1 0 3 16.4798
16.1798 1 0 0 16.4798
16.3483 1 0 2 16.6483
16.5169 1 0 2 16.8169
16.6854 1 0 2 16.9854
16.8539 1 0 3 17.1539
17.191 1 0 2 17.491
17.191 1 0 0 17.491
17.3596 1 0 2 17.6595
17.5281 1 0 2 17.8281
17.5281 1 0 1 17.8281
17.8652 1 0 2 18.1652
18.0337 1 0 0 18.3337
18.2022 1 0 3 18.5022
18.5393 1 0 3 18.8393
18.5393 1 0 1 18.8393
18.7079 1 0 2 19.0079
18.8764 1 0 3 19.1764
18.8764 1 0 0 19.1764
19.0449 1 0 2 19.3449
19.2135 1 0 2 19.5135
19.382 1 0 2 19.682
19.382 1 0 1 19.682
19.5506 1 0 3 19.8506
19.8876 2 0 0 20.2298
19.8876 1 0 2 20.1876
20.2247 4 0 4 20.2247
20.5618 1 0 3 20.8618
20.7303 1 0 1 21.0303
20.8989 1 0 2 21.1989
21.0674 1 0 1 21.3674
21.236 1 0 2 21.536
21.4045 1 0 0 21.7045
21.573 1 0 3 21.873
21.573 1 0 2 21.873
21.9101 1 0 2 22.2101
21.9101 1 0 1 22.2101
22.2472 1 0 1 22.5472
22.2472 1 0 0 22.5472
22.5843 1 0 0 22.8843
22.9213 1 0 1 23.2213
23.0899 1 0 0 23.3899
23.2584 1 0 2 23.5584
23.427 1 0 1 23.727
23.5955 1 0 3 23.8955
23.6798 1 0 2 23.9798
23.764 1 0 1 24.064
23.9326 1 0 2 24.2326
23.9326 1 0 3 24.2326
24.2697 1 0 3 24.5697
24.4382 1 0 1 24.7382
24.6067 1 0 2 24.9067
24.7753 1 0 1 25.0753
24.9438 1 0 0 25.2438
25.0281 1 0 2 25.3281
25.1124 1 0 3 25.4124
25.2809 1 0 1 25.5809
25.2809 1 0 0 25.5809
25.618 1 0 3 25.918
25.7865 1 0 1 26.0865
25.9551 1 0 3 26.2551
26.1236 1 0 1 26.4236
26.2921 1 0 2 26.5921
26.4607 1 0 0 26.7607
26.6292 1 0 3 26.9292
26.7978 1 0 1 27.0978
26.9663 1 0 2 27.2663
26.9663 1 0 3 27.2663
27.1348 1 0 2 27.4348
27.3034 1 0 0 27.6034
27.3034 1 0 1 27.6034
27.4719 1 0 1 27.7719
27.6404 1 0 3 27.9404
27.6404 1 0 2 27.9404
27.809 1 0 1 28.109
27.9775 1 0 0 28.2775
27.9775 1 0 1 28.2775
28.1461 1 0 2 28.4461
28.3146 1 0 0 28.6146
28.4831 1 0 1 28.7831
28.6517 1 0 2 28.9517
28.9888 1 0 1 29.2888
29.1573 1 0 3 29.4573
29.3258 1 0 1 29.6258
29.6629 1 0 3 29.9629
29.8315 1 0 1 30.1315
30 1 0 0 30.3
30.1685 1 0 2 30.4685
30.3371 1 0 0 30.6371
30.5056 1 0 1 30.8056
30.6742 1 0 2 30.9742
30.8427 1 0 3 31.1427
31.0112 1 0 0 31.3112
31.1798 1 0 1 31.4798
31.3483 1 0 2 31.6483
31.5169 1 0 3 31.8169
31.6854 1 0 0 31.9854
31.8539 1 0 3 32.1539
32.0225 1 0 2 32.3225
32.191 1 0 1 32.491
32.3596 1 0 2 32.6595
32.3596 1 0 3 32.6595
32.5281 1 0 0 32.8281
32.6966 1 0 1 32.9966
32.8652 1 0 3 33.1652
32.8652 1 0 2 33.1652
33.0337 1 0 1 33.3337
33.2022 1 0 0 33.5022
33.3708 1 0 2 33.6708
33.3708 1 0 3 33.6708
33.5393 1 0 1 33.8393
33.7079 1 0 2 34.0079
33.8764 1 0 0 34.1764
34.0449 1 0 3 34.3449
34.2135 1 0 1 34.5135
34.382 2 0 3 34.7242
34.7191 1 0 2 35.0191
35.0562 1 0 1 35.3562
35.2247 1 0 3 35.5247
35.3933 1 0 0 35.6933
35.5618 1 0 2 35.8618
35.7303 2 0 0 36.0725
36.0674 1 0 1 36.3674
36.4045 1 0 2 36.7045
36.573 1 0 3 36.873
36.7416 1 0 1 37.0416
36.9101 1 0 0 37.2101
37.0787 1 0 3 37.3787
37.2472 1 0 2 37.5472
37.4157 1 0 1 37.7157
37.7528 1 0 0 38.0528
37.7528 1 0 1 38.0528
38.0899 1 0 0 38.3899
38.0899 1 0 3 38.3899
38.427 1 0 1 38.727
38.427 1 0 3 38.727
38.764 1 0 0 39.064
38.764 1 0 2 39.064
39.1011 1 0 0 39.4011
39.1011 1 0 1 39.4011
39.2697 1 0 0 39.5697
39.4382 1 0 1 39.7382
39.4382 1 0 2 39.7382
39.7753 1 0 2 40.0753
39.8596 1 0 1 40.1595
39.9438 1 0 2 40.2438
40.0281 1 0 1 40.3281
40.1124 1 0 2 40.4124
40.4494 1 0 2 40.7494
40.4494 1 0 3 40.7494
40.618 1 0 3 40.918
40.7865 1 0 1 41.0865
40.7865 1 0 2 41.0865
41.1236 1 0 0 41.4236
41.2079 1 0 3 41.5079
41.2921 1 0 0 41.5921
41.3764 1 0 3 41.6764
41.4607 1 0 0 41.7607
41.7978 4 0 4 41.7978
41.9663 1 0 0 42.2663
42.1348 1 0 1 42.4348
42.3034 1 0 2 42.6034
42.4719 4 0 4 42.4719
42.6404 1 0 0 42.9404
42.809 1 0 1 43.109
42.9775 1 0 3 43.2775
43.1461 4 0 4 43.1461
43.3146 1 0 0 43.6146
43.4831 1 0 2 43.7831
43.6517 1 0 3 43.9517
43.8202 4 0 4 43.8202
43.9888 1 0 1 44.2888
44.1573 1 0 2 44.4573
44.3258 1 0 3 44.6258
44.4944 4 0 4 44.4944
44.4944 1 0 0 44.7944
44.8315 1 0 2 45.1315
45.1685 1 0 3 45.4685
45.5056 1 0 1 45.8056
45.8427 4 0 4 45.8427
45.8427 1 0 3 46.1427
46.1798 1 0 2 46.4798
46.5169 1 0 0 46.8169
46.6854 1 0 1 46.9854
46.8539 1 0 2 47.1539
47.191 4 0 4 47.191
47.191 1 0 0 47.491
47.5281 1 0 0 47.8281
47.5281 1 0 1 47.8281
47.8652 1 0 1 48.1652
47.8652 1 0 2 48.1652
48.2022 1 0 2 48.5022
48.2022 1 0 3 48.5022
48.5393 2 0 3 48.7129
48.7079 2 0 2 48.8815
48.8764 2 0 3 49.05
49.0449 2 0 1 49.2185
49.2135 2 0 2 49.3871
49.382 2 0 0 49.5556
49.5506 2 0 1 49.7241
49.7191 2 0 0 49.8927
49.8876 4 0 4 49.8876
49.8876 1 0 3 50.1876
50.0562 1 0 1 50.3562
50.2247 1 0 0 50.5247
50.5618 1 0 1 50.8618
50.7303 1 0 2 51.0303
50.8989 1 0 1 51.1989
51.236 4 0 4 51.236
51.236 1 0 0 51.536
51.4045 1 0 1 51.7045
51.573 1 0 2 51.873
51.7416 1 0 3 52.0416
51.9101 1 0 1 52.2101
52.0787 1 0 0 52.3787
52.2472 1 0 2 52.5472
52.4157 1 0 1 52.7157
52.5843 4 0 4 52.5843
52.5843 1 0 3 52.8843
52.7528 1 0 1 53.0528
52.9213 1 0 2 53.2213
53.0899 1 0 0 53.3899
53.2584 1 0 1 53.5584
53.427 1 0 2 53.727
53.5955 1 0 0 53.8955
53.764 1 0 3 54.064
53.9326 4 0 4 53.9326
54.1011 1 0 2 54.4011
54.2697 1 0 1 54.5697
54.4382 4 0 4 54.4382
54.6067 1 0 2 54.9067
54.7753 1 0 1 55.0753
54.9438 4 0 4 54.9438
55.2809 4 0 4 55.2809
55.2809 1 0 0 55.5809
55.4494 1 0 1 55.7494
55.618 1 0 0 55.918
55.7865 1 0 2 56.0865
55.9551 1 0 1 56.2551
55.9551 1 0 0 56.2551
56.2921 1 0 2 56.5921
56.2921 1 0 3 56.5921
56.6292 4 0 4 56.6292
56.6292 1 0 0 56.9292
56.7978 1 0 2 57.0978
56.9663 1 0 1 57.2663
57.1348 1 0 2 57.4348
57.3034 1 0 0 57.6034
57.3034 1 0 1 57.6034
57.6404 1 0 2 57.9404
57.6404 1 0 3 57.9404
57.9775 4 0 4 57.9775
57.9775 1 0 0 58.2775
58.1461 1 0 2 58.4461
58.3146 1 0 3 58.6146
58.4831 1 0 1 58.7831
58.6517 1 0 2 58.9517
58.6517 1 0 3 58.9517
58.8202 1 0 2 59.1202
58.9888 1 0 1 59.2888
58.9888 1 0 0 59.2888
59.1573 1 0 1 59.4573
59.3258 4 0 4 59.3258
59.3258 1 0 3 59.6258
59.6629 4 0 4 59.6629
59.6629 1 0 0 59.9629
60 4 0 4 60
60 1 0 2 60.3
60.3371 4 0 4 60.3371
60.3371 1 0 1 60.6371
60.6742 1 0 0 60.9742
60.6742 1 0 3 60.9742
60.8427 1 0 3 61.1427
61.0112 1 0 0 61.3112
61.0112 1 0 2 61.3112
61.3483 1 0 1 61.6483
61.4326 1 0 2 61.7326
61.5169 1 0 1 61.8169
61.6011 1 0 2 61.9011
61.6854 1 0 1 61.9854
62.0225 1 0 0 62.3225
62.0225 1 0 3 62.3225
62.191 1 0 0 62.491
62.3596 1 0 1 62.6595
62.3596 1 0 3 62.6595
62.6966 1 0 2 62.9966
62.7809 1 0 1 63.0809
62.8652 1 0 2 63.1652
62.9494 1 0 1 63.2494
63.0337 1 0 2 63.3337
63.3708 5 0 4 63.3708
64.0449 5 3 4 64.0449
64.7191 5 2 4 64.7191
65.3933 5 1 4 65.3933
66.0674 4 0 4 66.0674
66.4045 1 0 1 66.7045
66.7416 1 0 2 67.0416
67.0787 1 0 0 67.3787
67.4157 1 0 2 67.7157
67.5843 1 0 3 67.8843
67.7528 1 0 2 68.0528
67.9213 1 0 3 68.2214
68.0899 1 0 2 68.3899
68.427 1 0 0 68.727
68.764 1 0 1 69.064
68.9326 1 0 1 69.2326
69.1011 1 0 0 69.4011
69.4382 1 0 2 69.7382
69.7753 1 0 3 70.0753
70.1124 1 0 2 70.4124
70.2809 1 0 3 70.5809
70.4494 1 0 1 70.7494
70.618 1 0 3 70.918
70.7865 1 0 0 71.0865
70.9551 1 0 2 71.2551
71.1236 1 0 0 71.4236
71.2921 1 0 1 71.5921
71.4607 2 0 0 71.8028
72.1348 1 0 1 72.4348
72.3034 1 0 2 72.6034
72.4719 1 0 0 72.7719
72.809 1 0 1 73.109
72.9775 1 0 0 73.2775
73.1461 1 0 2 73.4461
73.3146 1 0 3 73.6146
73.4831 1 0 1 73.7831
73.6517 1 0 0 73.9517
73.8202 1 0 2 74.1202
73.9888 1 0 3 74.2888
74.1573 1 0 0 74.4573
74.4944 1 0 1 74.7944
74.8315 1 0 2 75.1315
75.1685 1 0 0 75.4685
75.5056 1 0 3 75.8056
75.6742 1 0 2 75.9742
75.8427 1 0 1 76.1427
76.0112 1 0 2 76.3112
76.3483 1 0 3 76.6483
76.8539 1 0 0 77.1539
77.0225 1 0 1 77.3225
77.191 1 0 2 77.491
77.5281 1 0 3 77.8281
77.6966 1 0 2 77.9966
77.8652 1 0 1 78.1652
78.2022 1 0 0 78.5023
78.3708 1 0 0 78.6708
78.5393 1 0 2 78.8393
78.8764 1 0 3 79.1764
79.0449 1 0 3 79.3449
79.2135 1 0 1 79.5135
79.5506 1 0 2 79.8506
79.7191 1 0 0 80.0191
79.8876 1 0 3 80.1876
80.0562 1 0 1 80.3562
80.2247 1 0 0 80.5247
80.3933 1 0 2 80.6933
80.5618 1 0 3 80.8618
80.7303 1 0 2 81.0303
80.8989 1 0 1 81.1989
81.236 1 0 0 81.536
81.573 1 0 3 81.873
81.9101 1 0 2 82.2101
82.2472 1 0 1 82.5472
82.4157 1 0 1 82.7157
82.5843 1 0 0 82.8843
82.9213 1 0 2 83.2214
83.0056 1 0 1 83.3056
83.0899 1 0 2 83.3899
83.1742 1 0 1 83.4742
83.2584 1 0 3 83.5584
83.5955 1 0 0 83.8955
83.764 1 0 1 84.064
83.9326 1 0 2 84.2326
84.1011 1 0 3 84.4011
84.2697 1 0 0 84.5697
84.3539 1 0 1 84.6539
84.4382 1 0 2 84.7382
84.5225 1 0 3 84.8225
84.6067 1 0 0 84.9067
84.7753 1 0 2 85.0753
84.9438 1 0 3 85.2438
85.2809 1 0 1 85.5809
85.618 2 0 2 85.9601
86.2921 2 0 2 86.6343
86.9663 1 0 1 87.2663
87.1348 1 0 2 87.4348
87.3034 1 0 3 87.6034
87.6404 1 0 0 87.9405
87.6404 1 0 2 87.9405
87.809 1 0 1 88.109
87.9775 1 0 3 88.2775
87.9775 1 0 1 88.2775
88.1461 1 0 2 88.4461
88.3146 1 0 0 88.6146
88.3146 1 0 1 88.6146
88.4831 1 0 2 88.7831
88.6517 1 0 1 88.9517
88.6517 1 0 3 88.9517
88.8202 1 0 0 89.1202
88.9888 1 0 2 89.2888
88.9888 1 0 3 89.2888
89.1573 1 0 1 89.4573
89.3258 1 0 0 89.6258
89.3258 1 0 2 89.6258
89.4944 1 0 1 89.7944
89.6629 1 0 3 89.9629
89.6629 1 0 0 89.9629
89.8315 1 0 1 90.1315
90 1 0 0 90.3
90 1 0 2 90.3
90.1685 1 0 3 90.4685
90.3371 1 0 0 90.6371
90.3371 1 0 1 90.6371
90.5056 1 0 3 90.8056
90.6742 1 0 2 90.9742
90.6742 1 0 1 90.9742
90.8427 1 0 3 91.1427
91.0112 1 0 0 91.3112
91.0112 1 0 2 91.3112
91.1798 1 0 1 91.4798
91.3483 1 0 3 91.6483
91.5169 1 0 0 91.8169
91.6854 1 0 0 91.9854
91.6854 1 0 3 91.9854
91.8539 1 0 2 92.1539
92.0225 1 0 3 92.3225
92.0225 1 0 1 92.3225
92.191 1 0 0 92.491
92.3596 1 0 2 92.6596
92.3596 1 0 3 92.6596
92.5281 1 0 1 92.8281
92.6966 1 0 0 92.9966
92.6966 1 0 2 92.9966
92.8652 1 0 3 93.1652
93.0337 1 0 0 93.3337
93.0337 1 0 1 93.3337
93.2022 1 0 2 93.5023
93.3708 1 0 1 93.6708
93.3708 1 0 0 93.6708
93.5393 1 0 2 93.8393
93.7079 1 0 1 94.0079
93.7079 1 0 3 94.0079
93.8764 1 0 2 94.1764
94.0449 1 0 0 94.3449
94.0449 1 0 3 94.3449
94.2135 1 0 1 94.5135
94.382 1 0 2 94.682
94.382 1 0 3 94.682
94.5506 1 0 1 94.8506
94.7191 1 0 0 95.0191
94.7191 1 0 2 95.0191
94.8876 1 0 3 95.1876
95.0562 1 0 1 95.3562
95.0562 1 0 2 95.3562
95.2247 1 0 0 95.5247
95.3933 1 0 1 95.6933
95.3933 1 0 3 95.6933
95.5618 1 0 2 95.8618
95.7303 3 0 4 95.7303
96.4045 3 1 4 96.4045
96.7416 3 2 4 96.7416
97.4157 3 3 4 97.4157
97.7528 4 0 4 97.7528
97.7528 1 0 0 98.0528
98.0899 4 0 4 98.0899
98.0899 1 0 3 98.3899
98.427 1 0 0 98.727
98.427 1 0 3 98.727
98.5955 1 0 0 98.8955
98.5955 1 0 3 98.8955
98.764 1 0 1 99.064
98.764 1 0 2 99.064
99.1011 1 0 0 99.4011
99.1011 1 0 1 99.4011
99.1854 1 0 2 99.4854
99.2697 1 0 3 99.5697
99.2697 1 0 1 99.5697
99.4382 1 0 0 99.7382
99.4382 1 0 3 99.7382
99.7753 1 0 1 100.075
99.7753 1 0 2 100.075
99.9438 1 0 1 100.244
99.9438 1 0 2 100.244
100.112 1 0 0 100.412
100.112 1 0 3 100.412
100.449 1 0 1 100.749
100.449 1 0 2 100.749
100.534 1 0 3 100.834
100.618 1 0 0 100.918
100.618 1 0 2 100.918
100.787 1 0 0 101.087
100.787 1 0 3 101.087
101.124 1 0 0 101.424
101.124 1 0 2 101.424
101.292 1 0 0 101.592
101.292 1 0 2 101.592
101.461 1 0 1 101.761
101.461 1 0 3 101.761
101.798 1 0 0 102.098
101.798 1 0 2 102.098
101.882 1 0 3 102.182
101.966 1 0 2 102.266
101.966 1 0 1 102.266
102.135 1 0 0 102.435
102.135 1 0 3 102.435
102.472 1 0 3 102.772
102.472 1 0 1 102.772
102.64 1 0 1 102.94
102.64 1 0 3 102.94
102.809 1 0 0 103.109
102.809 1 0 2 103.109
103.146 1 0 2 103.446
103.146 1 0 3 103.446
103.23 1 0 0 103.53
103.315 1 0 1 103.615
103.315 1 0 3 103.615
103.483 1 0 0 103.783
103.483 1 0 3 103.783
103.82 1 0 0 104.12
103.82 1 0 2 104.12
103.989 1 0 0 104.289
103.989 1 0 2 104.289
104.157 1 0 0 104.457
104.157 1 0 2 104.457
104.494 4 0 4 104.494
104.663 1 0 1 104.963
104.663 1 0 3 104.963
104.831 1 0 1 105.131
104.831 1 0 3 105.131
105 1 0 1 105.3
105 1 0 3 105.3
105.843 4 0 4 105.843
105.843 1 0 3 106.143
106.18 4 0 4 106.18
106.18 1 0 0 106.48
106.517 1 0 1 106.817
106.517 1 0 2 106.817
106.854 1 0 0 107.154
106.854 1 0 3 107.154
107.022 1 0 0 107.322
107.022 1 0 2 107.322
107.36 1 0 1 107.66
107.36 1 0 3 107.66
107.528 1 0 2 107.828
107.528 1 0 0 107.828
107.697 1 0 1 107.997
107.697 1 0 0 107.997
107.865 1 0 3 108.165
108.202 1 0 0 108.502
108.539 1 0 3 108.839
108.876 1 0 0 109.176
108.961 1 0 2 109.261
109.045 1 0 0 109.345
109.129 1 0 2 109.429
109.213 1 0 0 109.513
109.551 1 0 1 109.851
109.719 1 0 3 110.019
109.888 1 0 2 110.188
110.225 1 0 3 110.525
110.562 1 0 2 110.862
110.899 1 0 1 111.199
111.067 1 0 2 111.367
111.236 1 0 0 111.536
111.573 1 0 3 111.873
111.91 1 0 0 112.21
112.247 1 0 0 112.547
112.416 1 0 2 112.716
112.584 1 0 1 112.884
112.921 1 0 2 113.221
113.258 1 0 3 113.558
113.596 1 0 2 113.896
113.933 1 0 1 114.233
114.27 1 0 0 114.57
114.607 2 0 3 114.949
114.944 1 0 2 115.244
115.281 1 0 0 115.581
115.449 1 0 2 115.749
115.618 1 0 0 115.918
115.955 1 0 2 116.255
116.124 1 0 1 116.424
116.292 1 0 2 116.592
116.461 1 0 1 116.761
116.629 1 0 3 116.929
116.798 1 0 0 117.098
116.966 1 0 3 117.266
117.135 1 0 0 117.435
117.303 1 0 3 117.603
117.303 2 0 2 117.646
117.809 2 0 1 118.151
118.315 2 0 0 118.657
118.82 1 0 1 119.12
118.989 2 0 2 119.331
119.326 1 0 1 119.626
119.494 2 0 3 119.668
119.663 1 0 0 119.963
119.831 1 0 1 120.131
119.831 2 0 2 120.005
120 1 0 0 120.3
120 1 0 3 120.3
120.169 1 0 0 120.469
120.337 1 0 1 120.637
120.337 1 0 2 120.637
120.674 1 0 3 120.974
120.674 1 0 0 120.974
120.843 1 0 3 121.143
121.011 1 0 2 121.311
121.011 1 0 1 121.311
121.348 1 0 1 121.648
121.348 1 0 2 121.648
121.517 1 0 1 121.817
121.685 1 0 0 121.985
121.685 1 0 3 121.985
122.022 1 0 2 122.322
122.022 1 0 1 122.322
122.107 1 0 3 122.407
122.191 1 0 2 122.491
122.36 1 0 3 122.66
122.36 1 0 0 122.66
122.697 1 0 2 122.997
122.697 1 0 0 122.997
122.865 1 0 0 123.165
123.034 1 0 3 123.334
123.034 1 0 1 123.334
123.371 1 0 2 123.671
123.371 1 0 3 123.671
123.539 1 0 3 123.839
123.708 1 0 0 124.008
123.708 1 0 2 124.008
124.045 1 0 1 124.345
124.045 1 0 2 124.345
124.213 1 0 1 124.513
124.382 1 0 0 124.682
124.382 1 0 3 124.682
124.719 1 0 2 125.019
124.719 1 0 1 125.019
124.803 1 0 3 125.103
124.888 1 0 2 125.188
125.056 1 0 3 125.356
125.056 1 0 0 125.356
125.393 1 0 0 125.693
125.393 1 0 1 125.693
125.562 1 0 0 125.862
125.562 1 0 3 125.862
125.73 1 0 1 126.03
125.73 2 0 3 126.578
126.067 1 0 0 126.367
126.236 1 0 1 126.536
126.236 1 0 2 126.536
126.404 1 0 0 126.704
126.404 1 0 2 126.704
126.573 1 0 1 126.873
126.573 2 0 0 127.421
126.742 1 0 2 127.042
126.91 1 0 3 127.21
127.079 1 0 2 127.379
127.416 1 0 3 127.716
127.5 1 0 2 127.8
127.584 1 0 1 127.884
127.669 1 0 0 127.969
127.753 4 0 4 127.753
128.09 1 0 1 128.39
128.09 1 0 2 128.39
128.427 1 0 0 128.727
128.427 1 0 3 128.727
128.596 1 0 0 128.896
128.596 1 0 2 128.896
128.933 1 0 3 129.233
128.933 1 0 1 129.233
129.101 1 0 1 129.401
129.101 1 0 2 129.401
129.27 1 0 0 129.57
129.27 1 0 2 129.57
129.438 1 0 3 129.738
129.775 1 0 0 130.075
130.112 1 0 3 130.412
130.449 1 0 1 130.749
130.534 1 0 2 130.834
130.618 1 0 1 130.918
130.702 1 0 2 131.002
130.787 2 0 1 132.14
133.483 1 0 3 133.783
133.82 1 0 2 134.12
134.157 1 0 1 134.457
134.494 1 0 2 134.794
134.831 1 0 0 135.131
135.843 1 0 0 136.143
136.18 1 0 3 136.48
136.517 1 0 0 136.817
136.685 1 0 1 136.985
136.854 1 0 2 137.154
137.191 1 0 0 137.491
137.528 1 0 3 137.828
137.865 1 0 1 138.165
138.034 1 0 2 138.334
138.202 1 0 1 138.502
138.539 1 0 2 138.839
138.876 1 0 3 139.176
139.213 1 0 2 139.513
139.382 1 0 1 139.682
139.719 1 0 2 140.019
140.056 1 0 3 140.356
140.225 1 0 0 140.525
140.562 1 0 1 140.862
140.899 1 0 2 141.199
141.236 1 0 0 141.536
141.573 1 0 1 141.873
142.079 1 0 2 142.379
142.584 1 0 3 142.884
142.921 1 0 0 143.221
143.427 1 0 3 143.727
143.933 1 0 2 144.233
144.27 1 0 3 144.57
144.607 1 0 2 144.907
144.775 1 0 1 145.075
145.281 1 0 2 145.581
145.618 1 0 0 145.918
146.629 1 0 1 146.929
146.966 1 0 0 147.266
147.472 1 0 1 147.772
147.978 1 0 2 148.278
148.315 1 0 3 148.615
148.82 1 0 1 149.12
149.326 1 0 2 149.626
149.663 1 0 3 149.963
