838
193
0 4 0 4 0
0.857143 1 0 0 1.15714
1.17857 1 0 3 1.47857
1.5 1 0 1 1.8
1.71429 1 0 0 2.01429
1.82143 1 0 1 2.12143
1.92857 1 0 2 2.22857
2.14286 1 0 3 2.44286
2.57143 1 0 0 2.87143
2.67857 1 0 1 2.97857
3 1 0 3 3.3
3.21429 1 0 2 3.51429
3.32143 1 0 1 3.62143
3.42857 1 0 0 3.72857
3.64286 1 0 1 3.94286
3.85714 1 0 3 4.15714
4.07143 1 0 2 4.37143
4.28571 3 0 4 4.28571
4.60714 5 1 4 4.60714
4.92857 2 0 0 5.22857
4.92857 2 0 3 5.22857
5.35714 1 0 1 5.65714
5.57143 1 0 3 5.87143
6 1 0 0 6.3
6.10714 1 0 1 6.40714
6.42857 1 0 3 6.72857
6.64286 1 0 2 6.94286
6.75 1 0 1 7.05
6.85714 3 0 4 6.85714
8.57143 2 1 1 8.87143
9.42857 2 1 2 9.72857
10.2857 2 1 1 10.5857
10.7143 2 1 2 11.0143
11.1429 2 1 1 11.4429
11.5714 2 1 2 11.8714
12 2 1 3 12.3
12.4286 1 1 3 12.7286
12.6429 1 1 2 12.9429
13.2857 5 1 4 13.2857
13.7143 4 0 4 13.7143
14.3571 1 0 0 14.6571
14.5714 1 0 1 14.8714
14.7857 1 0 2 15.0857
15 1 0 3 15.3
15.4286 4 0 4 15.4286
15.8571 1 0 2 16.1571
16.0714 1 0 3 16.3714
16.2857 1 0 0 16.5857
16.5 1 0 2 16.8
16.8214 1 0 2 17.1214
17.1429 4 0 4 17.1429
18.2143 2 0 2 18.4339
18.4286 1 0 3 18.7286
18.6429 1 0 1 18.9429
18.8571 1 0 2 19.1571
19.7143 1 0 3 20.0143
19.9286 1 0 3 20.2286
20.1429 1 0 2 20.4429
20.3571 1 0 0 20.6571
20.5714 5 0 4 20.5714
22.2857 5 3 4 22.2857
24 1 2 2 24.3
24 1 2 1 24.3
24.4286 1 2 3 24.7286
24.4286 1 2 0 24.7286
24.8571 1 2 2 25.1571
24.8571 1 2 1 25.1571
25.2857 1 2 3 25.5857
25.2857 1 2 0 25.5857
25.7143 5 2 4 25.7143
26.1429 1 1 3 26.4429
26.3571 1 1 2 26.6571
27 1 1 3 27.3
27.2143 1 1 0 27.5143
27.4286 5 1 4 27.4286
28.0714 2 0 0 28.2643
28.2857 1 0 1 28.5857
28.5 1 0 2 28.8
28.7143 2 0 3 29.2286
29.25 1 0 0 29.55
29.5714 1 0 1 29.8714
29.7857 1 0 3 30.0857
30 1 0 1 30.3
30.2143 2 0 2 30.4339
30.5357 2 0 2 30.7554
30.8571 4 0 4 30.8571
31.9286 1 0 3 32.2286
32.1429 1 0 2 32.4429
32.3571 1 0 1 32.6571
32.5714 1 0 2 32.8714
32.7857 1 0 2 33.0857
33 2 0 2 33.1125
33.2143 4 0 4 33.2143
33.4286 1 0 0 33.7286
33.6429 1 0 1 33.9429
33.75 1 0 0 34.05
33.8571 4 0 4 33.8571
33.9643 4 0 4 33.9643
34.0714 4 0 4 34.0714
34.2857 3 0 4 34.2857
34.9286 1 1 3 35.2286
35.3571 1 1 0 35.6571
35.5714 1 1 1 35.8714
35.7857 1 1 2 36.0857
36 3 1 4 36
36.6429 5 2 4 36.6429
37.0714 1 1 0 37.3714
37.2857 1 1 1 37.5857
37.5 1 1 2 37.8
37.7143 5 1 4 37.7143
38.3571 3 0 4 38.3571
38.7857 1 1 0 39.0857
39 1 1 1 39.3
39.2143 1 1 2 39.5143
39.4286 2 1 3 40.05
40.0714 1 1 2 40.3714
40.5 1 1 0 40.8
40.7143 1 1 1 41.0143
40.9286 1 1 2 41.2286
41.1429 3 1 4 41.1429
41.7857 5 2 4 41.7857
42.2143 1 1 3 42.5143
42.4286 1 1 2 42.7286
42.6429 1 1 1 42.9429
42.8571 1 1 0 43.1571
43.5 1 1 0 43.8
43.9286 1 1 3 44.2286
44.1429 1 1 1 44.4429
44.3571 1 1 0 44.6571
44.5714 4 1 4 44.5714
45.2143 5 1 4 45.2143
45.4286 1 0 0 45.7286
45.6429 1 0 1 45.9429
45.8571 1 0 2 46.1571
46.0714 1 0 3 46.3714
46.2857 1 0 2 46.5857
46.5 1 0 1 46.8
46.7143 1 0 0 47.0143
46.9286 1 0 1 47.2286
47.1429 1 0 0 47.4429
47.3571 1 0 2 47.6571
47.5714 1 0 3 47.8714
47.7857 1 0 1 48.0857
48 4 0 4 48
48.6429 4 0 4 48.6429
49.7143 4 0 4 49.7143
50.3571 4 0 4 50.3571
51.4286 4 0 4 51.4286
51.75 4 0 4 51.75
52.0714 4 0 4 52.0714
53.1429 1 0 0 53.4429
53.1429 1 0 1 53.4429
53.5714 1 0 1 53.8714
53.5714 1 0 2 53.8714
54 1 0 3 54.3
54 1 0 2 54.3
54.2143 1 0 3 54.5143
54.4286 1 0 2 54.7286
54.6429 1 0 1 54.9429
54.8571 2 0 0 55.1571
55.5 2 0 0 55.8
55.9286 1 0 3 56.2286
56.1429 1 0 2 56.4429
56.3571 1 0 1 56.6571
56.5714 2 0 0 56.7911
56.8929 2 0 0 57.1125
57.2143 2 0 0 57.3268
57.6429 1 0 1 57.9429
57.8571 1 0 0 58.1571
58.0714 1 0 2 58.3714
58.2857 1 0 3 58.5857
58.2857 1 0 1 58.5857
58.5 1 0 3 58.8
58.7143 4 0 4 58.7143
58.9286 1 0 3 59.2286
58.9286 1 0 1 59.2286
59.1429 2 0 3 59.2553
59.3571 1 0 0 59.6571
59.5714 4 0 4 59.5714
59.7857 1 0 0 60.0857
60 1 0 3 60.3
60 1 0 1 60.3
60.2143 1 0 3 60.5143
60.3214 1 0 1 60.6214
60.4286 4 0 4 60.4286
60.5357 1 0 3 60.8357
60.6429 1 0 1 60.9429
60.8571 1 0 3 61.1571
61.0714 1 0 2 61.3714
61.2857 1 0 2 61.5857
61.2857 1 0 1 61.5857
61.3929 1 0 2 61.6929
61.3929 1 0 1 61.6929
61.5 1 0 3 61.8
61.5 1 0 0 61.8
61.6071 1 0 3 61.9071
61.6071 1 0 0 61.9071
61.7143 5 0 4 61.7143
63.4286 1 3 3 63.7286
63.6429 1 3 3 63.9429
63.8571 2 3 3 64.0768
64.2857 1 3 3 64.5857
64.2857 1 3 0 64.5857
64.5 1 3 3 64.8
64.5 1 3 0 64.8
64.7143 1 3 1 65.0143
64.7143 1 3 2 65.0143
64.8214 1 3 2 65.1214
64.8214 1 3 1 65.1214
64.9286 1 3 1 65.2286
64.9286 1 3 2 65.2286
65.0357 1 3 2 65.3357
65.0357 1 3 1 65.3357
65.1429 3 3 4 65.1429
65.4643 4 0 4 65.4643
65.8929 3 0 4 65.8929
66.1071 5 1 4 66.1071
66.4286 1 0 3 66.7286
66.6429 1 0 1 66.9429
66.8571 1 0 0 67.1571
66.9643 1 0 1 67.2643
67.0714 1 0 2 67.3714
67.2857 1 0 3 67.5857
67.6071 3 0 4 67.6071
67.8214 5 1 4 67.8214
68.0357 1 0 3 68.3357
68.25 1 0 2 68.55
68.3571 1 0 1 68.6571
68.5714 1 0 0 68.8714
68.7857 1 0 1 69.0857
69 1 0 3 69.3
69.3214 3 0 4 69.3214
69.5357 5 1 4 69.5357
69.75 1 0 1 70.05
70.0714 1 0 2 70.3714
70.2857 1 0 0 70.5857
70.3929 1 0 1 70.6929
70.5 1 0 2 70.8
70.7143 1 0 3 71.0143
71.0357 3 0 4 71.0357
71.25 5 1 4 71.25
71.5714 1 0 3 71.8714
71.7857 1 0 2 72.0857
71.8929 1 0 1 72.1929
72 1 0 0 72.3
72.2143 1 0 1 72.5143
72.4286 1 0 3 72.7286
72.75 3 0 4 72.75
72.9643 5 1 4 72.9643
73.1786 1 0 3 73.4786
73.5 1 0 1 73.8
73.7143 1 0 0 74.0143
73.8214 1 0 1 74.1214
73.9286 1 0 2 74.2286
74.1429 1 0 3 74.4429
74.4643 3 0 4 74.4643
74.6786 5 1 4 74.6786
75 1 0 3 75.3
75.2143 1 0 2 75.5143
75.3214 1 0 1 75.6214
75.4286 1 0 0 75.7286
75.6429 1 0 1 75.9429
75.8571 1 0 2 76.1572
76.1786 3 0 4 76.1786
76.3929 5 1 4 76.3929
76.6071 1 0 3 76.9072
76.9286 1 0 0 77.2286
77.1429 1 0 0 77.4429
77.25 1 0 1 77.55
77.3571 1 0 2 77.6572
77.5714 1 0 3 77.8714
77.8929 3 0 4 77.8929
78.1071 5 1 4 78.1071
78.4286 1 0 3 78.7286
78.6429 1 0 2 78.9429
78.75 1 0 1 79.05
78.8571 1 0 0 79.1571
79.0714 1 0 1 79.3714
79.2857 1 0 2 79.5857
79.6071 3 0 4 79.6071
79.8214 5 1 4 79.8214
80.0357 1 0 3 80.3357
80.3571 1 0 3 80.6571
80.5714 1 0 0 80.8714
80.6786 1 0 1 80.9786
80.7857 1 0 2 81.0857
81 1 0 3 81.3
81.3214 3 0 4 81.3214
81.5357 5 1 4 81.5357
81.8571 1 0 3 82.1572
82.0714 1 0 2 82.3714
82.1786 1 0 1 82.4786
82.2857 1 0 0 82.5857
82.5 1 0 1 82.8
82.7143 1 0 2 83.0143
83.0357 3 0 4 83.0357
83.25 5 1 4 83.25
83.4643 1 0 3 83.7643
83.7857 1 0 2 84.0857
84 1 0 0 84.3
84.1071 1 0 1 84.4072
84.2143 1 0 2 84.5143
84.4286 1 0 3 84.7286
84.75 3 0 4 84.75
84.9643 5 1 4 84.9643
85.2857 1 0 0 85.5857
85.5 1 0 2 85.8
85.6071 1 0 1 85.9071
85.7143 1 0 0 86.0143
85.9286 1 0 1 86.2286
86.1429 1 0 2 86.4429
86.4643 3 0 4 86.4643
86.6786 5 1 4 86.6786
86.8929 1 0 0 87.1929
87.3214 1 0 3 87.6214
87.4286 1 0 0 87.7286
87.5357 1 0 1 87.8357
87.6429 1 0 2 87.9429
87.8571 1 0 3 88.1571
88.1786 3 0 4 88.1786
88.3929 5 1 4 88.3929
88.7143 1 0 3 89.0143
88.9286 1 0 2 89.2286
89.0357 1 0 1 89.3357
89.1429 5 0 4 89.1429
89.7857 2 3 2 90.0857
89.7857 2 3 1 90.0857
90.2143 1 3 3 90.5143
90.4286 1 3 2 90.7286
90.6429 1 3 1 90.9429
90.8571 3 3 4 90.8571
91.2857 1 0 3 91.5857
91.7143 1 0 0 92.0143
91.8214 1 0 1 92.1214
92.1429 1 0 3 92.4429
92.3571 1 0 2 92.6572
92.4643 1 0 1 92.7643
92.5714 1 0 0 92.8714
92.7857 1 0 1 93.0857
93 1 0 2 93.3
93.2143 1 0 0 93.5143
93.4286 1 0 0 93.7286
93.4286 1 0 2 93.7286
93.75 1 0 1 94.05
93.75 1 0 3 94.05
94.0714 1 0 0 94.3714
94.0714 1 0 2 94.3714
94.2857 1 0 0 94.5857
94.3929 1 0 1 94.6929
94.5 1 0 2 94.8
94.7143 1 0 3 95.0143
94.7143 1 0 0 95.0143
95.1429 1 0 0 95.4429
95.25 1 0 1 95.55
95.5714 1 0 3 95.8714
95.5714 1 0 0 95.8714
95.7857 1 0 2 96.0857
95.8929 1 0 1 96.1929
96 3 0 4 96
96.75 3 1 4 96.75
96.9643 5 2 4 96.9643
97.7143 5 1 4 97.7143
98.1429 3 0 4 98.1429
98.4643 3 1 4 98.4643
98.6786 5 2 4 98.6786
99.4286 5 1 4 99.4286
99.8571 3 0 4 99.8571
100.179 3 1 4 100.179
100.393 5 2 4 100.393
101.143 5 1 4 101.143
101.571 3 0 4 101.571
101.893 3 1 4 101.893
102.107 5 2 4 102.107
102.857 5 1 4 102.857
103.5 1 0 2 103.8
103.929 1 0 3 104.229
104.143 1 0 2 104.443
104.357 1 0 1 104.657
104.571 1 0 2 104.871
104.786 1 0 2 105.086
105 1 0 0 105.3
105 1 0 3 105.3
105.214 1 0 2 105.514
105.429 1 0 2 105.729
105.643 1 0 2 105.943
105.857 1 0 0 106.157
105.857 1 0 3 106.157
106.071 1 0 2 106.371
106.286 1 0 1 106.586
106.607 1 0 1 106.907
106.929 1 0 1 107.229
107.143 1 0 2 107.443
107.357 1 0 3 107.657
107.571 1 0 2 107.871
107.786 1 0 1 108.086
108 1 0 0 108.3
108.429 1 0 1 108.729
108.857 1 0 2 109.157
109.071 1 0 3 109.371
109.286 1 0 2 109.586
109.5 1 0 1 109.8
109.714 1 0 3 110.014
110.357 1 0 3 110.657
110.786 1 0 3 111.086
111 1 0 2 111.3
111.214 1 0 1 111.514
111.429 1 0 3 111.729
111.75 1 0 3 112.05
112.071 1 0 3 112.371
112.5 1 0 2 112.8
112.714 1 0 1 113.014
112.929 1 0 2 113.229
113.143 1 0 3 113.443
113.357 1 0 3 113.657
113.571 1 0 1 113.871
113.571 1 0 0 113.871
113.786 1 0 3 114.086
114 1 0 3 114.3
114.214 1 0 3 114.514
114.429 1 0 1 114.729
114.429 1 0 0 114.729
114.643 1 0 3 114.943
114.857 1 0 3 115.157
114.857 1 0 0 115.157
115.179 1 0 0 115.479
115.5 1 0 0 115.8
115.929 2 0 3 116.229
116.143 2 0 2 116.336
116.357 1 0 1 116.657
116.571 4 0 4 116.571
116.679 1 0 2 116.979
116.786 1 0 3 117.086
116.893 1 0 2 117.193
117 3 0 4 117
117.429 1 1 3 117.729
117.429 1 1 0 117.729
117.536 1 1 2 117.836
117.536 1 1 1 117.836
117.643 1 1 3 117.943
117.643 1 1 0 117.943
117.75 1 1 1 118.05
117.75 1 1 2 118.05
117.857 1 1 0 118.157
117.857 1 1 3 118.157
117.964 1 1 1 118.264
117.964 1 1 2 118.264
118.286 3 1 4 118.286
118.714 5 2 4 118.714
119.036 5 1 4 119.036
119.357 5 0 4 119.357
119.679 5 3 4 119.679
120.214 1 2 2 120.514
120.214 1 2 1 120.514
120.429 1 2 2 120.729
120.429 1 2 1 120.729
120.643 1 2 3 120.943
120.643 1 2 0 120.943
120.857 1 2 3 121.157
120.857 1 2 0 121.157
121.071 3 2 4 121.071
121.393 1 3 0 121.693
121.5 1 3 1 121.8
121.607 1 3 2 121.907
121.714 1 3 3 122.014
122.143 3 3 4 122.143
122.571 1 0 2 122.871
122.679 1 0 3 122.979
122.786 1 0 1 123.086
122.893 1 0 2 123.193
123 1 0 0 123.3
123.107 1 0 1 123.407
123.214 1 0 0 123.514
123.429 5 0 4 123.429
123.643 5 3 4 123.643
123.75 5 2 4 123.75
123.857 5 1 4 123.857
124.071 3 0 4 124.071
124.286 3 1 4 124.286
124.393 3 2 4 124.393
124.5 3 3 4 124.5
125.143 2 0 1 125.979
125.143 2 0 2 125.979
125.143 2 0 3 125.979
125.143 2 0 0 125.979
126.214 1 0 0 126.514
126.214 1 0 3 126.514
126.214 1 0 2 126.514
126.643 1 0 3 126.943
126.643 1 0 0 126.943
126.643 1 0 1 126.943
126.857 1 0 0 127.157
126.964 1 0 1 127.264
127.071 1 0 2 127.371
127.179 1 0 3 127.479
127.286 1 0 0 127.586
127.393 1 0 1 127.693
127.5 1 0 2 127.8
127.607 1 0 3 127.907
127.714 1 0 0 128.014
127.821 1 0 1 128.121
127.929 1 0 2 128.229
128.036 1 0 3 128.336
128.143 1 0 0 128.443
128.25 1 0 1 128.55
128.357 1 0 2 128.657
128.464 1 0 3 128.764
128.571 1 0 2 128.871
128.786 1 0 2 129.086
129 1 0 2 129.3
129.107 1 0 2 129.407
129.321 1 0 2 129.621
129.536 1 0 2 129.836
129.75 1 0 2 130.05
129.964 3 0 4 129.964
130.286 2 1 0 130.586
130.607 2 1 1 130.907
131.143 2 1 3 131.443
131.464 2 1 2 131.764
132 5 1 4 132
132.429 1 0 0 132.729
132.429 2 0 2 132.729
132.857 1 0 0 133.157
133.071 2 0 3 133.371
133.286 1 0 0 133.586
133.393 2 0 2 133.693
133.714 2 0 3 134.014
133.714 2 0 0 134.014
134.036 2 0 2 134.336
134.036 2 0 1 134.336
134.357 2 0 0 134.55
134.357 2 0 3 134.55
134.786 1 0 3 135.086
135 1 0 2 135.3
135.214 1 0 1 135.514
135.429 2 0 3 135.729
135.429 2 0 0 135.729
135.857 2 0 2 136.157
135.857 2 0 1 136.157
136.286 1 0 0 136.586
136.286 1 0 3 136.586
136.5 1 0 3 136.8
136.714 1 0 2 137.014
136.929 1 0 1 137.229
137.143 1 0 3 137.443
137.143 1 0 0 137.443
137.143 1 0 2 137.443
137.786 1 0 3 138.086
137.786 1 0 0 138.086
137.786 1 0 1 138.086
138.214 1 0 3 138.514
138.429 1 0 2 138.729
138.643 1 0 1 138.943
138.857 1 0 3 139.157
138.857 1 0 0 139.157
139.179 1 0 2 139.479
139.179 1 0 1 139.479
139.5 1 0 3 139.8
139.5 1 0 0 139.8
139.929 2 0 3 140.229
140.143 2 0 0 140.443
140.571 3 0 4 140.571
140.786 1 1 3 141.086
141 1 1 3 141.3
141.214 1 1 3 141.514
141.429 5 1 4 141.429
141.643 1 0 3 141.943
141.75 1 0 2 142.05
141.857 1 0 1 142.157
141.964 1 0 0 142.264
142.071 1 0 1 142.371
142.179 1 0 2 142.479
142.286 1 0 3 142.586
142.393 1 0 2 142.693
142.5 1 0 3 142.8
142.607 1 0 2 142.907
142.714 1 0 3 143.014
142.821 1 0 2 143.121
142.929 1 0 1 143.229
143.036 1 0 2 143.336
143.143 1 0 1 143.443
143.25 1 0 0 143.55
143.357 1 0 2 143.657
143.464 1 0 1 143.764
143.571 1 0 0 143.871
143.679 1 0 1 143.979
143.786 1 0 2 144.086
143.893 1 0 3 144.193
144 2 0 3 144.3
144 2 0 0 144.3
144.429 3 0 4 144.429
145.071 2 1 0 145.371
145.071 2 1 3 145.371
145.393 2 1 2 145.693
145.393 2 1 1 145.693
145.714 2 1 0 146.014
145.714 2 1 3 146.014
146.357 3 1 4 146.357
146.679 3 2 4 146.679
147 3 3 4 147
147.429 1 0 1 147.729
147.429 1 0 0 147.729
147.643 1 0 1 147.943
147.643 1 0 0 147.943
147.857 5 0 4 147.857
148.5 1 3 0 148.8
148.607 1 3 1 148.907
148.714 1 3 2 149.014
148.821 1 3 3 149.121
149.357 1 3 3 149.657
149.464 1 3 2 149.764
149.571 1 3 1 149.871
149.679 1 3 0 149.979
150 3 3 4 150
150.214 1 0 2 150.514
150.321 1 0 2 150.621
150.429 1 0 0 150.729
150.536 1 0 1 150.836
150.643 1 0 0 150.943
151.071 5 0 4 151.071
151.179 5 3 4 151.179
151.286 5 2 4 151.286
151.5 5 1 4 151.5
151.714 5 0 4 151.714
151.821 3 3 4 151.821
151.929 3 0 4 151.929
152.571 2 1 1 153.407
152.571 2 1 2 153.407
152.571 2 1 3 153.407
152.571 2 1 0 153.407
153.643 5 1 4 153.643
153.857 1 0 3 154.157
154.071 1 0 2 154.371
154.179 1 0 1 154.479
154.286 1 0 0 154.586
154.393 1 0 1 154.693
154.5 1 0 2 154.8
154.607 1 0 3 154.907
154.714 1 0 0 155.014
154.821 1 0 1 155.121
154.929 1 0 2 155.229
155.036 1 0 3 155.336
155.143 1 0 0 155.443
155.25 1 0 1 155.55
155.357 1 0 2 155.657
155.464 1 0 3 155.764
155.571 1 0 0 155.871
155.679 1 0 1 155.979
155.786 1 0 2 156.086
155.893 1 0 3 156.193
156 2 0 1 156.3
156 2 0 2 156.3
156.429 2 0 0 156.729
156.429 2 0 3 156.729
156.857 2 0 1 157.157
156.857 2 0 2 157.157
157.286 2 0 0 157.586
157.286 2 0 3 157.586
157.714 1 0 0 158.014
157.929 1 0 1 158.229
158.143 1 0 2 158.443
158.357 1 0 1 158.657
158.571 1 0 0 158.871
158.571 1 0 3 158.871
158.893 1 0 2 159.193
158.893 1 0 1 159.193
159.214 1 0 0 159.514
159.214 1 0 3 159.514
159.429 1 0 3 159.729
159.536 1 0 2 159.836
159.857 1 0 1 160.157
159.857 1 0 3 160.157
160.5 1 0 2 160.8
160.607 1 0 1 160.907
160.714 1 0 0 161.014
160.714 1 0 3 161.014
160.929 1 0 2 161.229
161.036 1 0 1 161.336
161.143 1 0 0 161.443
161.357 1 0 1 161.657
161.571 1 0 2 161.871
161.786 1 0 1 162.086
162 1 0 0 162.3
162 1 0 3 162.3
162.321 1 0 2 162.621
162.321 1 0 1 162.621
162.643 1 0 0 162.943
162.643 1 0 3 162.943
162.857 1 0 2 163.157
162.964 1 0 1 163.264
163.286 1 0 1 163.586
163.286 1 0 3 163.586
163.714 1 0 1 164.014
163.821 1 0 2 164.121
164.143 1 0 0 164.443
164.143 1 0 3 164.443
164.357 1 0 3 164.657
164.464 1 0 2 164.764
164.571 2 0 0 164.871
164.786 1 0 1 165.086
164.893 1 0 2 165.193
165.107 1 0 1 165.407
165.429 2 0 0 165.729
165.429 1 0 3 165.729
165.75 1 0 3 166.05
165.857 2 0 2 166.05
166.071 2 0 1 166.264
166.071 1 0 3 166.371
166.286 2 0 3 166.586
166.286 2 0 0 166.586
166.607 2 0 2 166.907
166.607 2 0 1 166.907
166.929 2 0 0 167.229
166.929 2 0 3 167.229
167.357 1 0 0 167.657
167.571 1 0 1 167.871
167.786 1 0 3 168.086
168 3 0 4 168
168.429 1 1 0 168.729
168.429 1 1 3 168.729
168.643 5 1 4 168.643
168.857 1 0 3 169.157
168.964 1 0 2 169.264
169.071 1 0 1 169.371
169.179 1 0 0 169.479
169.286 1 0 3 169.586
169.393 1 0 2 169.693
169.5 1 0 1 169.8
169.607 1 0 0 169.907
169.714 1 0 3 170.014
169.821 1 0 2 170.121
169.929 1 0 1 170.229
170.036 1 0 0 170.336
170.143 1 0 3 170.443
170.25 1 0 2 170.55
170.357 1 0 3 170.657
170.464 1 0 2 170.764
170.571 1 0 1 170.871
170.679 1 0 2 170.979
170.786 1 0 0 171.086
170.893 1 0 1 171.193
171 1 0 0 171.3
171.107 1 0 1 171.407
171.214 1 0 2 171.514
171.321 1 0 3 171.621
185.143 2 0 0 186.836
186.857 2 0 2 188.55
188.571 2 0 1 190.264
190.286 2 0 2 191.979
192 2 0 0 193.693
193.714 2 0 1 195.407
195.429 2 0 2 197.121
197.143 2 0 3 198.836
198.857 1 0 2 199.157
198.857 2 0 0 200.55
199.5 1 0 2 199.8
199.929 1 0 3 200.229
200.143 1 0 3 200.443
200.357 1 0 3 200.657
200.571 2 0 2 202.264
201.214 1 0 1 201.514
201.643 1 0 1 201.943
201.857 1 0 1 202.157
202.071 1 0 1 202.371
202.286 2 0 1 203.979
202.929 1 0 3 203.229
203.357 1 0 3 203.657
203.571 1 0 3 203.871
203.786 1 0 3 204.086
204 2 0 2 205.693
204.643 1 0 0 204.943
205.071 1 0 0 205.371
205.286 1 0 0 205.586
205.5 1 0 0 205.8
205.714 2 0 0 207.407
206.357 1 0 3 206.657
206.786 1 0 3 207.086
207 1 0 3 207.3
207.214 1 0 3 207.514
207.429 2 0 1 209.121
208.071 1 0 3 208.371
208.5 1 0 3 208.8
208.714 1 0 3 209.014
208.929 1 0 3 209.229
209.143 2 0 2 210.836
209.786 1 0 0 210.086
210.214 1 0 0 210.514
210.429 1 0 0 210.729
210.643 1 0 0 210.943
210.857 1 0 0 211.157
210.857 2 0 3 212.55
211.071 1 0 0 211.371
211.286 1 0 0 211.586
211.5 1 0 0 211.8
211.714 1 0 0 212.014
211.929 1 0 0 212.229
212.143 1 0 0 212.443
212.357 1 0 0 212.657
212.571 2 0 0 214.264
213 1 0 2 213.3
213 1 0 3 213.3
213.857 1 0 2 214.157
213.857 1 0 3 214.157
214.286 2 0 2 215.979
214.714 1 0 1 215.014
214.714 1 0 0 215.014
215.571 1 0 1 215.871
215.571 1 0 0 215.871
216 2 0 1 217.693
216.429 1 0 3 216.729
216.429 1 0 2 216.729
217.286 1 0 3 217.586
217.286 1 0 2 217.586
217.714 2 0 2 219.407
218.143 1 0 0 218.443
218.143 1 0 1 218.443
219.429 2 0 0 221.121
219.857 1 0 3 220.157
219.857 1 0 2 220.157
220.714 1 0 3 221.014
220.714 1 0 2 221.014
221.143 2 0 1 222.836
221.571 1 0 3 221.871
221.571 1 0 2 221.871
222.429 1 0 3 222.729
222.429 1 0 2 222.729
222.857 2 0 2 224.55
223.286 1 0 0 223.586
223.286 1 0 1 223.586
224.143 1 0 0 224.443
224.143 1 0 1 224.443
224.571 1 0 0 224.871
224.893 1 0 0 225.193
225.214 1 0 0 225.514
225.643 1 0 3 225.943
225.857 1 0 2 226.157
226.071 1 0 0 226.371
226.286 3 0 4 226.286
233.143 5 1 4 233.143
0.0267857 1 0 1 0 0 0 0 0 0 0 0
0.214286 1 0 1 0 0 0 0 0 0 0 0
0.428571 1 0 1 0 0 0 0 0 0 0 0
4.28571 2 0 1 0 0 0 0 0 0 0 0
4.60714 2 1 1 0 0 0 0 0 0 0 0
6.85714 2 0 1 0 0 0 0 0 0 0 0
13.5 2 1 1 0 0 0 0 0 0 0 0
20.5714 2 1 1 0 0 0 0 0 0 0 0
22.2857 2 1 1 0 0 0 0 0 0 0 0
30.8571 1 0 1 0 0 0 0 0 0 0 0
33.2143 1 0 1 0 0 0 0 0 0 0 0
33.8571 1 0 1 0 0 0 0 0 0 0 0
33.9643 1 0 1 0 0 0 0 0 0 0 0
34.0714 1 0 1 0 0 0 0 0 0 0 0
34.2857 2 0 1 0 0 0 0 0 0 0 0
36 2 0 1 0 0 0 0 0 0 0 0
36.6429 2 1 1 0 0 0 0 0 0 0 0
37.7143 2 1 1 0 0 0 0 0 0 0 0
38.3571 2 0 1 0 0 0 0 0 0 0 0
41.1429 2 0 1 0 0 0 0 0 0 0 0
41.7857 2 1 1 0 0 0 0 0 0 0 0
44.5714 1 1 2 0 0 0 0 0 0 0 0
45.2143 2 1 1 0 0 0 0 0 0 0 0
53.1429 1 1 2 0 0 0 0 0 0 0 0
53.5714 1 0 2 0 0 0 0 0 0 0 0
54 1 3 2 0 0 0 0 0 0 0 0
58.2857 1 0 2 0 0 0 0 0 0 0 0
58.7143 1 0 2 0 0 0 0 0 0 0 0
58.9286 1 0 2 0 0 0 0 0 0 0 0
59.5714 1 0 2 0 0 0 0 0 0 0 0
60 1 0 2 0 0 0 0 0 0 0 0
60.4286 1 0 2 0 0 0 0 0 0 0 0
61.2857 1 0 2 0 0 0 0 0 0 0 0
61.3929 1 0 2 0 0 0 0 0 0 0 0
61.5 1 0 2 0 0 0 0 0 0 0 0
61.6071 1 0 2 0 0 0 0 0 0 0 0
61.7143 2 1 1 0 0 0 0 0 0 0 0
63.4286 1 3 2 0 0 0 0 0 0 0 0
63.8571 1 3 2 0 0 0 0 0 0 0 0
64.7143 1 3 2 0 0 0 0 0 0 0 0
65.1429 2 0 1 0 0 0 0 0 0 0 0
65.4643 1 0 1 0 0 0 0 0 0 0 0
65.8929 2 0 5 0 0 0 0 0 0 0 0
66.1071 1 1 5 0 0 0 0 0 0 0 0
67.6071 2 0 5 0 0 0 0 0 0 0 0
67.8214 1 1 5 0 0 0 0 0 0 0 0
69.3214 2 0 5 0 0 0 0 0 0 0 0
69.5357 1 1 5 0 0 0 0 0 0 0 0
71.0357 2 0 5 0 0 0 0 0 0 0 0
71.25 1 1 5 0 0 0 0 0 0 0 0
72.75 2 0 5 0 0 0 0 0 0 0 0
72.9643 1 1 5 0 0 0 0 0 0 0 0
74.4643 2 0 5 0 0 0 0 0 0 0 0
74.6786 1 1 5 0 0 0 0 0 0 0 0
76.1786 2 0 5 0 0 0 0 0 0 0 0
76.3929 1 1 5 0 0 0 0 0 0 0 0
77.8929 2 0 5 0 0 0 0 0 0 0 0
78.1071 1 1 5 0 0 0 0 0 0 0 0
79.6071 2 0 5 0 0 0 0 0 0 0 0
79.8214 1 1 5 0 0 0 0 0 0 0 0
81.3214 2 0 5 0 0 0 0 0 0 0 0
81.5357 1 1 5 0 0 0 0 0 0 0 0
83.0357 2 0 5 0 0 0 0 0 0 0 0
83.25 1 1 5 0 0 0 0 0 0 0 0
84.75 2 0 5 0 0 0 0 0 0 0 0
84.9643 1 1 5 0 0 0 0 0 0 0 0
86.4643 2 0 5 0 0 0 0 0 0 0 0
86.6786 1 1 5 0 0 0 0 0 0 0 0
88.1786 2 0 5 0 0 0 0 0 0 0 0
88.3929 1 1 5 0 0 0 0 0 0 0 0
89.1429 2 1 1 0 0 0 0 0 0 0 0
90.8571 2 0 1 0 0 0 0 0 0 0 0
93.4286 1 0 5 0 0 0 0 0 0 0 0
93.75 1 0 5 0 0 0 0 0 0 0 0
94.0714 1 0 5 0 0 0 0 0 0 0 0
94.7143 1 0 5 0 0 0 0 0 0 0 0
95.5714 1 0 5 0 0 0 0 0 0 0 0
96 2 0 1 0 0 0 0 0 0 0 0
96.75 2 0 5 0 0 0 0 0 0 0 0
96.9643 2 1 5 0 0 0 0 0 0 0 0
97.7143 2 1 5 0 0 0 0 0 0 0 0
98.1429 2 0 5 0 0 0 0 0 0 0 0
98.4643 2 0 5 0 0 0 0 0 0 0 0
98.6786 2 1 5 0 0 0 0 0 0 0 0
99.4286 2 1 5 0 0 0 0 0 0 0 0
99.8571 2 0 5 0 0 0 0 0 0 0 0
100.179 2 0 5 0 0 0 0 0 0 0 0
100.393 2 1 5 0 0 0 0 0 0 0 0
101.143 2 1 5 0 0 0 0 0 0 0 0
101.571 2 0 5 0 0 0 0 0 0 0 0
101.893 2 0 5 0 0 0 0 0 0 0 0
102.107 2 1 5 0 0 0 0 0 0 0 0
102.857 2 1 5 0 0 0 0 0 0 0 0
105 1 0 5 0 0 0 0 0 0 0 0
105.857 1 0 5 0 0 0 0 0 0 0 0
113.571 1 0 5 0 0 0 0 0 0 0 0
114.429 1 0 5 0 0 0 0 0 0 0 0
114.857 1 2 1 0 0 0 0 0 0 0 0
115.179 1 2 1 0 0 0 0 0 0 0 0
115.5 1 2 1 0 0 0 0 0 0 0 0
115.929 1 2 1 0 0 0 0 0 0 0 0
116.143 1 2 1 0 0 0 0 0 0 0 0
116.357 1 2 1 0 0 0 0 0 0 0 0
117 1 3 1 0 0 0 0 0 0 0 0
117.429 1 3 1 0 0 0 0 0 0 0 0
117.857 1 3 1 0 0 0 0 0 0 0 0
118.286 2 0 5 0 0 0 0 0 0 0 0
121.071 2 0 5 0 0 0 0 0 0 0 0
122.143 2 0 5 0 0 0 0 0 0 0 0
125.143 1 2 1 0 0 0 0 0 0 0 0
125.357 1 2 1 0 0 0 0 0 0 0 0
125.571 1 2 1 0 0 0 0 0 0 0 0
125.786 1 2 1 0 0 0 0 0 0 0 0
127.071 1 2 1 0 0 0 0 0 0 0 0
127.5 1 2 1 0 0 0 0 0 0 0 0
127.5 1 2 1 0 0 0 0 0 0 0 0
127.929 1 2 1 0 0 0 0 0 0 0 0
128.357 1 2 1 0 0 0 0 0 0 0 0
129.964 2 0 2 0 0 0 0 0 0 0 0
144 1 0 5 0 0 0 0 0 0 0 0
144.429 2 0 5 0 0 0 0 0 0 0 0
145.071 1 3 5 0 0 0 0 0 0 0 0
145.393 1 3 5 0 0 0 0 0 0 0 0
145.714 1 3 5 0 0 0 0 0 0 0 0
146.357 2 0 5 0 0 0 0 0 0 0 0
146.679 2 0 5 0 0 0 0 0 0 0 0
147 2 0 5 0 0 0 0 0 0 0 0
147.857 2 1 5 0 0 0 0 0 0 0 0
148.5 1 0 1 0 0 0 0 0 0 0 0
149.357 1 2 1 0 0 0 0 0 0 0 0
152.571 1 3 1 0 0 0 0 0 0 0 0
152.786 1 3 1 0 0 0 0 0 0 0 0
153 1 3 1 0 0 0 0 0 0 0 0
153 1 3 1 0 0 0 0 0 0 0 0
153.214 1 3 1 0 0 0 0 0 0 0 0
157.714 1 0 5 0 0 0 0 0 0 0 0
158.571 1 0 5 0 0 0 0 0 0 0 0
158.893 1 0 5 0 0 0 0 0 0 0 0
159.214 1 0 5 0 0 0 0 0 0 0 0
159.857 1 0 5 0 0 0 0 0 0 0 0
160.714 1 0 5 0 0 0 0 0 0 0 0
162 1 0 5 0 0 0 0 0 0 0 0
162.321 1 0 5 0 0 0 0 0 0 0 0
162.643 1 0 5 0 0 0 0 0 0 0 0
163.286 1 0 5 0 0 0 0 0 0 0 0
164.143 1 0 5 0 0 0 0 0 0 0 0
168 2 0 5 0 0 0 0 0 0 0 0
168.643 2 1 5 0 0 0 0 0 0 0 0
171.321 1 0 1 0 0 0 0 0 0 0 0
171.429 1 0 1 0 0 0 0 0 0 0 0
171.536 1 0 1 0 0 0 0 0 0 0 0
171.643 1 0 1 0 0 0 0 0 0 0 0
185.143 1 0 1 0 0 0 0 0 0 0 0
186.857 1 0 1 0 0 0 0 0 0 0 0
188.571 1 0 1 0 0 0 0 0 0 0 0
190.286 1 0 1 0 0 0 0 0 0 0 0
192 1 0 1 0 0 0 0 0 0 0 0
193.714 1 0 1 0 0 0 0 0 0 0 0
195.429 1 0 1 0 0 0 0 0 0 0 0
197.143 1 0 1 0 0 0 0 0 0 0 0
198.857 1 0 1 0 0 0 0 0 0 0 0
200.571 1 0 1 0 0 0 0 0 0 0 0
202.286 1 0 1 0 0 0 0 0 0 0 0
204 1 0 1 0 0 0 0 0 0 0 0
205.714 1 0 1 0 0 0 0 0 0 0 0
207.429 1 0 1 0 0 0 0 0 0 0 0
209.143 1 0 1 0 0 0 0 0 0 0 0
210.857 1 0 1 0 0 0 0 0 0 0 0
212.571 1 0 1 0 0 0 0 0 0 0 0
213 1 0 1 0 0 0 0 0 0 0 0
213.857 1 0 1 0 0 0 0 0 0 0 0
214.286 1 0 1 0 0 0 0 0 0 0 0
214.714 1 0 1 0 0 0 0 0 0 0 0
215.571 1 0 1 0 0 0 0 0 0 0 0
216 1 0 1 0 0 0 0 0 0 0 0
216.429 1 0 1 0 0 0 0 0 0 0 0
217.286 1 0 1 0 0 0 0 0 0 0 0
217.714 1 0 1 0 0 0 0 0 0 0 0
218.143 1 0 1 0 0 0 0 0 0 0 0
219.429 1 0 1 0 0 0 0 0 0 0 0
219.857 1 0 1 0 0 0 0 0 0 0 0
220.714 1 0 1 0 0 0 0 0 0 0 0
221.143 1 0 1 0 0 0 0 0 0 0 0
221.571 1 0 1 0 0 0 0 0 0 0 0
222.429 1 0 1 0 0 0 0 0 0 0 0
222.857 1 0 1 0 0 0 0 0 0 0 0
223.286 1 0 1 0 0 0 0 0 0 0 0
224.143 1 0 1 0 0 0 0 0 0 0 0
224.571 1 0 1 0 0 0 0 0 0 0 0
224.893 1 0 1 0 0 0 0 0 0 0 0
225.214 1 0 1 0 0 0 0 0 0 0 0
226.286 2 0 1 0 0 0 0 0 0 0 0
233.143 2 1 1 0 0 0 0 0 0 0 0
